,Adj Close,Close,High,Low,Open,Volume
2007-01-03,,,,,,
2007-01-04,,,,,,
2007-01-05,,,,,,
2007-01-08,,,,,,
2007-01-09,,,,,,
2007-01-10,,,,,,
2007-01-11,,,,,,
2007-01-12,,,,,,
2007-01-16,,,,,,
2007-01-17,,,,,,
2007-01-18,,,,,,
2007-01-19,,,,,,
2007-01-22,,,,,,
2007-01-23,,,,,,
2007-01-24,,,,,,
2007-01-25,,,,,,
2007-01-26,,,,,,
2007-01-29,,,,,,
2007-01-30,,,,,,
2007-01-31,,,,,,
2007-02-01,,,,,,
2007-02-02,,,,,,
2007-02-05,,,,,,
2007-02-06,,,,,,
2007-02-07,,,,,,
2007-02-08,,,,,,
2007-02-09,,,,,,
2007-02-12,,,,,,
2007-02-13,,,,,,
2007-02-14,,,,,,
2007-02-15,,,,,,
2007-02-16,,,,,,
2007-02-20,,,,,,
2007-02-21,,,,,,
2007-02-22,,,,,,
2007-02-23,,,,,,
2007-02-26,,,,,,
2007-02-27,,,,,,
2007-02-28,,,,,,
2007-03-01,,,,,,
2007-03-02,,,,,,
2007-03-05,,,,,,
2007-03-06,,,,,,
2007-03-07,,,,,,
2007-03-08,,,,,,
2007-03-09,,,,,,
2007-03-12,,,,,,
2007-03-13,,,,,,
2007-03-14,,,,,,
2007-03-15,,,,,,
2007-03-16,,,,,,
2007-03-19,,,,,,
2007-03-20,,,,,,
2007-03-21,,,,,,
2007-03-22,,,,,,
2007-03-23,,,,,,
2007-03-26,,,,,,
2007-03-27,,,,,,
2007-03-28,,,,,,
2007-03-29,,,,,,
2007-03-30,,,,,,
2007-04-02,,,,,,
2007-04-03,,,,,,
2007-04-04,,,,,,
2007-04-05,,,,,,
2007-04-09,,,,,,
2007-04-10,,,,,,
2007-04-11,,,,,,
2007-04-12,,,,,,
2007-04-13,,,,,,
2007-04-16,,,,,,
2007-04-17,,,,,,
2007-04-18,,,,,,
2007-04-19,,,,,,
2007-04-20,,,,,,
2007-04-23,,,,,,
2007-04-24,,,,,,
2007-04-25,,,,,,
2007-04-26,,,,,,
2007-04-27,,,,,,
2007-04-30,,,,,,
2007-05-01,,,,,,
2007-05-02,,,,,,
2007-05-03,,,,,,
2007-05-04,,,,,,
2007-05-07,,,,,,
2007-05-08,,,,,,
2007-05-09,,,,,,
2007-05-10,,,,,,
2007-05-11,,,,,,
2007-05-14,,,,,,
2007-05-15,,,,,,
2007-05-16,,,,,,
2007-05-17,,,,,,
2007-05-18,,,,,,
2007-05-21,,,,,,
2007-05-22,,,,,,
2007-05-23,,,,,,
2007-05-24,,,,,,
2007-05-25,,,,,,
2007-05-29,,,,,,
2007-05-30,,,,,,
2007-05-31,,,,,,
2007-06-01,,,,,,
2007-06-04,,,,,,
2007-06-05,,,,,,
2007-06-06,,,,,,
2007-06-07,,,,,,
2007-06-08,,,,,,
2007-06-11,,,,,,
2007-06-12,,,,,,
2007-06-13,,,,,,
2007-06-14,,,,,,
2007-06-15,,,,,,
2007-06-18,,,,,,
2007-06-19,,,,,,
2007-06-20,,,,,,
2007-06-21,,,,,,
2007-06-22,,,,,,
2007-06-25,,,,,,
2007-06-26,,,,,,
2007-06-27,,,,,,
2007-06-28,,,,,,
2007-06-29,,,,,,
2007-07-02,,,,,,
2007-07-03,,,,,,
2007-07-05,,,,,,
2007-07-06,,,,,,
2007-07-09,,,,,,
2007-07-10,,,,,,
2007-07-11,,,,,,
2007-07-12,,,,,,
2007-07-13,,,,,,
2007-07-16,,,,,,
2007-07-17,,,,,,
2007-07-18,,,,,,
2007-07-19,,,,,,
2007-07-20,,,,,,
2007-07-23,,,,,,
2007-07-24,,,,,,
2007-07-25,,,,,,
2007-07-26,,,,,,
2007-07-27,,,,,,
2007-07-30,,,,,,
2007-07-31,,,,,,
2007-08-01,,,,,,
2007-08-02,,,,,,
2007-08-03,,,,,,
2007-08-06,,,,,,
2007-08-07,,,,,,
2007-08-08,,,,,,
2007-08-09,,,,,,
2007-08-10,,,,,,
2007-08-13,,,,,,
2007-08-14,,,,,,
2007-08-15,,,,,,
2007-08-16,,,,,,
2007-08-17,,,,,,
2007-08-20,,,,,,
2007-08-21,,,,,,
2007-08-22,,,,,,
2007-08-23,,,,,,
2007-08-24,,,,,,
2007-08-27,,,,,,
2007-08-28,,,,,,
2007-08-29,,,,,,
2007-08-30,,,,,,
2007-08-31,,,,,,
2007-09-04,,,,,,
2007-09-05,,,,,,
2007-09-06,,,,,,
2007-09-07,,,,,,
2007-09-10,,,,,,
2007-09-11,,,,,,
2007-09-12,,,,,,
2007-09-13,,,,,,
2007-09-14,,,,,,
2007-09-17,,,,,,
2007-09-18,,,,,,
2007-09-19,,,,,,
2007-09-20,,,,,,
2007-09-21,,,,,,
2007-09-24,,,,,,
2007-09-25,,,,,,
2007-09-26,,,,,,
2007-09-27,,,,,,
2007-09-28,,,,,,
2007-10-01,,,,,,
2007-10-02,,,,,,
2007-10-03,,,,,,
2007-10-04,,,,,,
2007-10-05,,,,,,
2007-10-08,,,,,,
2007-10-09,,,,,,
2007-10-10,,,,,,
2007-10-11,,,,,,
2007-10-12,,,,,,
2007-10-15,,,,,,
2007-10-16,,,,,,
2007-10-17,,,,,,
2007-10-18,,,,,,
2007-10-19,,,,,,
2007-10-22,,,,,,
2007-10-23,,,,,,
2007-10-24,,,,,,
2007-10-25,,,,,,
2007-10-26,,,,,,
2007-10-29,,,,,,
2007-10-30,,,,,,
2007-10-31,,,,,,
2007-11-01,,,,,,
2007-11-02,,,,,,
2007-11-05,,,,,,
2007-11-06,,,,,,
2007-11-07,,,,,,
2007-11-08,,,,,,
2007-11-09,,,,,,
2007-11-12,,,,,,
2007-11-13,,,,,,
2007-11-14,,,,,,
2007-11-15,,,,,,
2007-11-16,,,,,,
2007-11-19,,,,,,
2007-11-20,,,,,,
2007-11-21,,,,,,
2007-11-23,,,,,,
2007-11-26,,,,,,
2007-11-27,,,,,,
2007-11-28,,,,,,
2007-11-29,,,,,,
2007-11-30,,,,,,
2007-12-03,,,,,,
2007-12-04,,,,,,
2007-12-05,,,,,,
2007-12-06,,,,,,
2007-12-07,,,,,,
2007-12-10,,,,,,
2007-12-11,,,,,,
2007-12-12,,,,,,
2007-12-13,,,,,,
2007-12-14,,,,,,
2007-12-17,,,,,,
2007-12-18,,,,,,
2007-12-19,,,,,,
2007-12-20,,,,,,
2007-12-21,,,,,,
2007-12-24,,,,,,
2007-12-26,,,,,,
2007-12-27,,,,,,
2007-12-28,,,,,,
2007-12-31,,,,,,
2008-01-02,,,,,,
2008-01-03,,,,,,
2008-01-04,,,,,,
2008-01-07,,,,,,
2008-01-08,,,,,,
2008-01-09,,,,,,
2008-01-10,,,,,,
2008-01-11,,,,,,
2008-01-14,,,,,,
2008-01-15,,,,,,
2008-01-16,,,,,,
2008-01-17,,,,,,
2008-01-18,,,,,,
2008-01-22,,,,,,
2008-01-23,,,,,,
2008-01-24,,,,,,
2008-01-25,,,,,,
2008-01-28,,,,,,
2008-01-29,,,,,,
2008-01-30,,,,,,
2008-01-31,,,,,,
2008-02-01,,,,,,
2008-02-04,,,,,,
2008-02-05,,,,,,
2008-02-06,,,,,,
2008-02-07,,,,,,
2008-02-08,,,,,,
2008-02-11,,,,,,
2008-02-12,,,,,,
2008-02-13,,,,,,
2008-02-14,,,,,,
2008-02-15,,,,,,
2008-02-19,,,,,,
2008-02-20,,,,,,
2008-02-21,,,,,,
2008-02-22,,,,,,
2008-02-25,,,,,,
2008-02-26,,,,,,
2008-02-27,,,,,,
2008-02-28,,,,,,
2008-02-29,,,,,,
2008-03-03,,,,,,
2008-03-04,,,,,,
2008-03-05,,,,,,
2008-03-06,,,,,,
2008-03-07,,,,,,
2008-03-10,,,,,,
2008-03-11,,,,,,
2008-03-12,,,,,,
2008-03-13,,,,,,
2008-03-14,,,,,,
2008-03-17,,,,,,
2008-03-18,,,,,,
2008-03-19,,,,,,
2008-03-20,,,,,,
2008-03-24,,,,,,
2008-03-25,,,,,,
2008-03-26,,,,,,
2008-03-27,,,,,,
2008-03-28,,,,,,
2008-03-31,,,,,,
2008-04-01,,,,,,
2008-04-02,,,,,,
2008-04-03,,,,,,
2008-04-04,,,,,,
2008-04-07,,,,,,
2008-04-08,,,,,,
2008-04-09,,,,,,
2008-04-10,,,,,,
2008-04-11,,,,,,
2008-04-14,,,,,,
2008-04-15,,,,,,
2008-04-16,,,,,,
2008-04-17,,,,,,
2008-04-18,,,,,,
2008-04-21,,,,,,
2008-04-22,,,,,,
2008-04-23,,,,,,
2008-04-24,,,,,,
2008-04-25,,,,,,
2008-04-28,,,,,,
2008-04-29,,,,,,
2008-04-30,,,,,,
2008-05-01,,,,,,
2008-05-02,,,,,,
2008-05-05,,,,,,
2008-05-06,,,,,,
2008-05-07,,,,,,
2008-05-08,,,,,,
2008-05-09,,,,,,
2008-05-12,,,,,,
2008-05-13,,,,,,
2008-05-14,,,,,,
2008-05-15,,,,,,
2008-05-16,,,,,,
2008-05-19,,,,,,
2008-05-20,,,,,,
2008-05-21,,,,,,
2008-05-22,,,,,,
2008-05-23,,,,,,
2008-05-27,,,,,,
2008-05-28,,,,,,
2008-05-29,,,,,,
2008-05-30,,,,,,
2008-06-02,,,,,,
2008-06-03,,,,,,
2008-06-04,,,,,,
2008-06-05,,,,,,
2008-06-06,,,,,,
2008-06-09,,,,,,
2008-06-10,,,,,,
2008-06-11,,,,,,
2008-06-12,,,,,,
2008-06-13,,,,,,
2008-06-16,,,,,,
2008-06-17,,,,,,
2008-06-18,,,,,,
2008-06-19,,,,,,
2008-06-20,,,,,,
2008-06-23,,,,,,
2008-06-24,,,,,,
2008-06-25,,,,,,
2008-06-26,,,,,,
2008-06-27,,,,,,
2008-06-30,,,,,,
2008-07-01,,,,,,
2008-07-02,,,,,,
2008-07-03,,,,,,
2008-07-07,,,,,,
2008-07-08,,,,,,
2008-07-09,,,,,,
2008-07-10,,,,,,
2008-07-11,,,,,,
2008-07-14,,,,,,
2008-07-15,,,,,,
2008-07-16,,,,,,
2008-07-17,,,,,,
2008-07-18,,,,,,
2008-07-21,,,,,,
2008-07-22,,,,,,
2008-07-23,,,,,,
2008-07-24,,,,,,
2008-07-25,,,,,,
2008-07-28,,,,,,
2008-07-29,,,,,,
2008-07-30,,,,,,
2008-07-31,,,,,,
2008-08-01,,,,,,
2008-08-04,,,,,,
2008-08-05,,,,,,
2008-08-06,,,,,,
2008-08-07,,,,,,
2008-08-08,,,,,,
2008-08-11,,,,,,
2008-08-12,,,,,,
2008-08-13,,,,,,
2008-08-14,,,,,,
2008-08-15,,,,,,
2008-08-18,,,,,,
2008-08-19,,,,,,
2008-08-20,,,,,,
2008-08-21,,,,,,
2008-08-22,,,,,,
2008-08-25,,,,,,
2008-08-26,,,,,,
2008-08-27,,,,,,
2008-08-28,,,,,,
2008-08-29,,,,,,
2008-09-02,,,,,,
2008-09-03,,,,,,
2008-09-04,,,,,,
2008-09-05,,,,,,
2008-09-08,,,,,,
2008-09-09,,,,,,
2008-09-10,,,,,,
2008-09-11,,,,,,
2008-09-12,,,,,,
2008-09-15,,,,,,
2008-09-16,,,,,,
2008-09-17,,,,,,
2008-09-18,,,,,,
2008-09-19,,,,,,
2008-09-22,,,,,,
2008-09-23,,,,,,
2008-09-24,,,,,,
2008-09-25,,,,,,
2008-09-26,,,,,,
2008-09-29,,,,,,
2008-09-30,,,,,,
2008-10-01,,,,,,
2008-10-02,,,,,,
2008-10-03,,,,,,
2008-10-06,,,,,,
2008-10-07,,,,,,
2008-10-08,,,,,,
2008-10-09,,,,,,
2008-10-10,,,,,,
2008-10-13,,,,,,
2008-10-14,,,,,,
2008-10-15,,,,,,
2008-10-16,,,,,,
2008-10-17,,,,,,
2008-10-20,,,,,,
2008-10-21,,,,,,
2008-10-22,,,,,,
2008-10-23,,,,,,
2008-10-24,,,,,,
2008-10-27,,,,,,
2008-10-28,,,,,,
2008-10-29,,,,,,
2008-10-30,,,,,,
2008-10-31,,,,,,
2008-11-03,,,,,,
2008-11-04,,,,,,
2008-11-05,,,,,,
2008-11-06,,,,,,
2008-11-07,,,,,,
2008-11-10,,,,,,
2008-11-11,,,,,,
2008-11-12,,,,,,
2008-11-13,,,,,,
2008-11-14,,,,,,
2008-11-17,,,,,,
2008-11-18,,,,,,
2008-11-19,,,,,,
2008-11-20,,,,,,
2008-11-21,,,,,,
2008-11-24,,,,,,
2008-11-25,,,,,,
2008-11-26,,,,,,
2008-11-28,,,,,,
2008-12-01,,,,,,
2008-12-02,,,,,,
2008-12-03,,,,,,
2008-12-04,,,,,,
2008-12-05,,,,,,
2008-12-08,,,,,,
2008-12-09,,,,,,
2008-12-10,,,,,,
2008-12-11,,,,,,
2008-12-12,,,,,,
2008-12-15,,,,,,
2008-12-16,,,,,,
2008-12-17,,,,,,
2008-12-18,,,,,,
2008-12-19,,,,,,
2008-12-22,,,,,,
2008-12-23,,,,,,
2008-12-24,,,,,,
2008-12-26,,,,,,
2008-12-29,,,,,,
2008-12-30,,,,,,
2008-12-31,,,,,,
2009-01-02,,,,,,
2009-01-05,,,,,,
2009-01-06,,,,,,
2009-01-07,,,,,,
2009-01-08,,,,,,
2009-01-09,,,,,,
2009-01-12,,,,,,
2009-01-13,,,,,,
2009-01-14,,,,,,
2009-01-15,,,,,,
2009-01-16,,,,,,
2009-01-20,,,,,,
2009-01-21,,,,,,
2009-01-22,,,,,,
2009-01-23,,,,,,
2009-01-26,,,,,,
2009-01-27,,,,,,
2009-01-28,,,,,,
2009-01-29,,,,,,
2009-01-30,,,,,,
2009-02-02,,,,,,
2009-02-03,,,,,,
2009-02-04,,,,,,
2009-02-05,,,,,,
2009-02-06,,,,,,
2009-02-09,,,,,,
2009-02-10,,,,,,
2009-02-11,,,,,,
2009-02-12,,,,,,
2009-02-13,,,,,,
2009-02-17,,,,,,
2009-02-18,,,,,,
2009-02-19,,,,,,
2009-02-20,,,,,,
2009-02-23,,,,,,
2009-02-24,,,,,,
2009-02-25,,,,,,
2009-02-26,,,,,,
2009-02-27,,,,,,
2009-03-02,,,,,,
2009-03-03,,,,,,
2009-03-04,,,,,,
2009-03-05,,,,,,
2009-03-06,,,,,,
2009-03-09,,,,,,
2009-03-10,,,,,,
2009-03-11,,,,,,
2009-03-12,,,,,,
2009-03-13,,,,,,
2009-03-16,,,,,,
2009-03-17,,,,,,
2009-03-18,,,,,,
2009-03-19,,,,,,
2009-03-20,,,,,,
2009-03-23,,,,,,
2009-03-24,,,,,,
2009-03-25,,,,,,
2009-03-26,,,,,,
2009-03-27,,,,,,
2009-03-30,,,,,,
2009-03-31,,,,,,
2009-04-01,,,,,,
2009-04-02,,,,,,
2009-04-03,,,,,,
2009-04-06,,,,,,
2009-04-07,,,,,,
2009-04-08,,,,,,
2009-04-09,,,,,,
2009-04-13,,,,,,
2009-04-14,,,,,,
2009-04-15,,,,,,
2009-04-16,,,,,,
2009-04-17,,,,,,
2009-04-20,,,,,,
2009-04-21,,,,,,
2009-04-22,,,,,,
2009-04-23,,,,,,
2009-04-24,,,,,,
2009-04-27,,,,,,
2009-04-28,,,,,,
2009-04-29,,,,,,
2009-04-30,,,,,,
2009-05-01,,,,,,
2009-05-04,,,,,,
2009-05-05,,,,,,
2009-05-06,,,,,,
2009-05-07,,,,,,
2009-05-08,,,,,,
2009-05-11,,,,,,
2009-05-12,,,,,,
2009-05-13,,,,,,
2009-05-14,,,,,,
2009-05-15,,,,,,
2009-05-18,,,,,,
2009-05-19,,,,,,
2009-05-20,,,,,,
2009-05-21,,,,,,
2009-05-22,,,,,,
2009-05-26,,,,,,
2009-05-27,,,,,,
2009-05-28,,,,,,
2009-05-29,,,,,,
2009-06-01,,,,,,
2009-06-02,,,,,,
2009-06-03,,,,,,
2009-06-04,,,,,,
2009-06-05,,,,,,
2009-06-08,,,,,,
2009-06-09,,,,,,
2009-06-10,,,,,,
2009-06-11,,,,,,
2009-06-12,,,,,,
2009-06-15,,,,,,
2009-06-16,,,,,,
2009-06-17,,,,,,
2009-06-18,,,,,,
2009-06-19,,,,,,
2009-06-22,,,,,,
2009-06-23,,,,,,
2009-06-24,,,,,,
2009-06-25,,,,,,
2009-06-26,,,,,,
2009-06-29,,,,,,
2009-06-30,,,,,,
2009-07-01,,,,,,
2009-07-02,,,,,,
2009-07-06,,,,,,
2009-07-07,,,,,,
2009-07-08,,,,,,
2009-07-09,,,,,,
2009-07-10,,,,,,
2009-07-13,,,,,,
2009-07-14,,,,,,
2009-07-15,,,,,,
2009-07-16,,,,,,
2009-07-17,,,,,,
2009-07-20,,,,,,
2009-07-21,,,,,,
2009-07-22,,,,,,
2009-07-23,,,,,,
2009-07-24,,,,,,
2009-07-27,,,,,,
2009-07-28,,,,,,
2009-07-29,,,,,,
2009-07-30,,,,,,
2009-07-31,,,,,,
2009-08-03,,,,,,
2009-08-04,,,,,,
2009-08-05,,,,,,
2009-08-06,,,,,,
2009-08-07,,,,,,
2009-08-10,,,,,,
2009-08-11,,,,,,
2009-08-12,,,,,,
2009-08-13,,,,,,
2009-08-14,,,,,,
2009-08-17,,,,,,
2009-08-18,,,,,,
2009-08-19,,,,,,
2009-08-20,,,,,,
2009-08-21,,,,,,
2009-08-24,,,,,,
2009-08-25,,,,,,
2009-08-26,,,,,,
2009-08-27,,,,,,
2009-08-28,,,,,,
2009-08-31,,,,,,
2009-09-01,,,,,,
2009-09-02,,,,,,
2009-09-03,,,,,,
2009-09-04,,,,,,
2009-09-08,,,,,,
2009-09-09,,,,,,
2009-09-10,,,,,,
2009-09-11,,,,,,
2009-09-14,,,,,,
2009-09-15,,,,,,
2009-09-16,,,,,,
2009-09-17,,,,,,
2009-09-18,,,,,,
2009-09-21,,,,,,
2009-09-22,,,,,,
2009-09-23,,,,,,
2009-09-24,,,,,,
2009-09-25,,,,,,
2009-09-28,,,,,,
2009-09-29,,,,,,
2009-09-30,,,,,,
2009-10-01,,,,,,
2009-10-02,,,,,,
2009-10-05,,,,,,
2009-10-06,,,,,,
2009-10-07,,,,,,
2009-10-08,,,,,,
2009-10-09,,,,,,
2009-10-12,,,,,,
2009-10-13,,,,,,
2009-10-14,,,,,,
2009-10-15,,,,,,
2009-10-16,,,,,,
2009-10-19,,,,,,
2009-10-20,,,,,,
2009-10-21,,,,,,
2009-10-22,,,,,,
2009-10-23,,,,,,
2009-10-26,,,,,,
2009-10-27,,,,,,
2009-10-28,,,,,,
2009-10-29,,,,,,
2009-10-30,,,,,,
2009-11-02,,,,,,
2009-11-03,,,,,,
2009-11-04,,,,,,
2009-11-05,,,,,,
2009-11-06,,,,,,
2009-11-09,,,,,,
2009-11-10,,,,,,
2009-11-11,,,,,,
2009-11-12,,,,,,
2009-11-13,,,,,,
2009-11-16,,,,,,
2009-11-17,,,,,,
2009-11-18,,,,,,
2009-11-19,,,,,,
2009-11-20,,,,,,
2009-11-23,,,,,,
2009-11-24,,,,,,
2009-11-25,,,,,,
2009-11-27,,,,,,
2009-11-30,,,,,,
2009-12-01,,,,,,
2009-12-02,,,,,,
2009-12-03,,,,,,
2009-12-04,,,,,,
2009-12-07,,,,,,
2009-12-08,,,,,,
2009-12-09,,,,,,
2009-12-10,,,,,,
2009-12-11,,,,,,
2009-12-14,,,,,,
2009-12-15,,,,,,
2009-12-16,,,,,,
2009-12-17,,,,,,
2009-12-18,,,,,,
2009-12-21,,,,,,
2009-12-22,,,,,,
2009-12-23,,,,,,
2009-12-24,,,,,,
2009-12-28,,,,,,
2009-12-29,,,,,,
2009-12-30,,,,,,
2009-12-31,,,,,,
2010-01-04,,,,,,
2010-01-05,,,,,,
2010-01-06,,,,,,
2010-01-07,,,,,,
2010-01-08,,,,,,
2010-01-11,,,,,,
2010-01-12,,,,,,
2010-01-13,,,,,,
2010-01-14,,,,,,
2010-01-15,,,,,,
2010-01-19,,,,,,
2010-01-20,,,,,,
2010-01-21,,,,,,
2010-01-22,,,,,,
2010-01-25,,,,,,
2010-01-26,,,,,,
2010-01-27,,,,,,
2010-01-28,,,,,,
2010-01-29,,,,,,
2010-02-01,,,,,,
2010-02-02,,,,,,
2010-02-03,,,,,,
2010-02-04,,,,,,
2010-02-05,,,,,,
2010-02-08,,,,,,
2010-02-09,,,,,,
2010-02-10,,,,,,
2010-02-11,,,,,,
2010-02-12,,,,,,
2010-02-16,,,,,,
2010-02-17,,,,,,
2010-02-18,,,,,,
2010-02-19,,,,,,
2010-02-22,,,,,,
2010-02-23,,,,,,
2010-02-24,,,,,,
2010-02-25,,,,,,
2010-02-26,,,,,,
2010-03-01,,,,,,
2010-03-02,,,,,,
2010-03-03,,,,,,
2010-03-04,,,,,,
2010-03-05,,,,,,
2010-03-08,,,,,,
2010-03-09,,,,,,
2010-03-10,,,,,,
2010-03-11,,,,,,
2010-03-12,,,,,,
2010-03-15,,,,,,
2010-03-16,,,,,,
2010-03-17,,,,,,
2010-03-18,,,,,,
2010-03-19,,,,,,
2010-03-22,,,,,,
2010-03-23,,,,,,
2010-03-24,,,,,,
2010-03-25,,,,,,
2010-03-26,,,,,,
2010-03-29,,,,,,
2010-03-30,,,,,,
2010-03-31,,,,,,
2010-04-01,,,,,,
2010-04-05,,,,,,
2010-04-06,,,,,,
2010-04-07,,,,,,
2010-04-08,,,,,,
2010-04-09,,,,,,
2010-04-12,,,,,,
2010-04-13,,,,,,
2010-04-14,,,,,,
2010-04-15,,,,,,
2010-04-16,,,,,,
2010-04-19,,,,,,
2010-04-20,,,,,,
2010-04-21,,,,,,
2010-04-22,,,,,,
2010-04-23,,,,,,
2010-04-26,,,,,,
2010-04-27,,,,,,
2010-04-28,,,,,,
2010-04-29,,,,,,
2010-04-30,,,,,,
2010-05-03,,,,,,
2010-05-04,,,,,,
2010-05-05,,,,,,
2010-05-06,,,,,,
2010-05-07,,,,,,
2010-05-10,,,,,,
2010-05-11,,,,,,
2010-05-12,,,,,,
2010-05-13,,,,,,
2010-05-14,,,,,,
2010-05-17,,,,,,
2010-05-18,,,,,,
2010-05-19,,,,,,
2010-05-20,,,,,,
2010-05-21,,,,,,
2010-05-24,,,,,,
2010-05-25,,,,,,
2010-05-26,,,,,,
2010-05-27,,,,,,
2010-05-28,,,,,,
2010-06-01,,,,,,
2010-06-02,,,,,,
2010-06-03,,,,,,
2010-06-04,,,,,,
2010-06-07,,,,,,
2010-06-08,,,,,,
2010-06-09,,,,,,
2010-06-10,,,,,,
2010-06-11,,,,,,
2010-06-14,,,,,,
2010-06-15,,,,,,
2010-06-16,,,,,,
2010-06-17,,,,,,
2010-06-18,,,,,,
2010-06-21,,,,,,
2010-06-22,,,,,,
2010-06-23,,,,,,
2010-06-24,,,,,,
2010-06-25,,,,,,
2010-06-28,,,,,,
2010-06-29,,,,,,
2010-06-30,,,,,,
2010-07-01,,,,,,
2010-07-02,,,,,,
2010-07-06,,,,,,
2010-07-07,,,,,,
2010-07-08,,,,,,
2010-07-09,,,,,,
2010-07-12,,,,,,
2010-07-13,,,,,,
2010-07-14,,,,,,
2010-07-15,,,,,,
2010-07-16,,,,,,
2010-07-19,,,,,,
2010-07-20,,,,,,
2010-07-21,,,,,,
2010-07-22,,,,,,
2010-07-23,,,,,,
2010-07-26,,,,,,
2010-07-27,,,,,,
2010-07-28,,,,,,
2010-07-29,,,,,,
2010-07-30,,,,,,
2010-08-02,,,,,,
2010-08-03,,,,,,
2010-08-04,,,,,,
2010-08-05,,,,,,
2010-08-06,,,,,,
2010-08-09,,,,,,
2010-08-10,,,,,,
2010-08-11,,,,,,
2010-08-12,,,,,,
2010-08-13,,,,,,
2010-08-16,,,,,,
2010-08-17,,,,,,
2010-08-18,,,,,,
2010-08-19,,,,,,
2010-08-20,,,,,,
2010-08-23,,,,,,
2010-08-24,,,,,,
2010-08-25,,,,,,
2010-08-26,,,,,,
2010-08-27,,,,,,
2010-08-30,,,,,,
2010-08-31,,,,,,
2010-09-01,,,,,,
2010-09-02,,,,,,
2010-09-03,,,,,,
2010-09-07,,,,,,
2010-09-08,,,,,,
2010-09-09,,,,,,
2010-09-10,,,,,,
2010-09-13,,,,,,
2010-09-14,,,,,,
2010-09-15,,,,,,
2010-09-16,,,,,,
2010-09-17,,,,,,
2010-09-20,,,,,,
2010-09-21,,,,,,
2010-09-22,,,,,,
2010-09-23,,,,,,
2010-09-24,,,,,,
2010-09-27,,,,,,
2010-09-28,,,,,,
2010-09-29,,,,,,
2010-09-30,,,,,,
2010-10-01,,,,,,
2010-10-04,,,,,,
2010-10-05,,,,,,
2010-10-06,,,,,,
2010-10-07,,,,,,
2010-10-08,,,,,,
2010-10-11,,,,,,
2010-10-12,,,,,,
2010-10-13,,,,,,
2010-10-14,,,,,,
2010-10-15,,,,,,
2010-10-18,,,,,,
2010-10-19,,,,,,
2010-10-20,,,,,,
2010-10-21,,,,,,
2010-10-22,,,,,,
2010-10-25,,,,,,
2010-10-26,,,,,,
2010-10-27,,,,,,
2010-10-28,,,,,,
2010-10-29,,,,,,
2010-11-01,,,,,,
2010-11-02,,,,,,
2010-11-03,,,,,,
2010-11-04,,,,,,
2010-11-05,,,,,,
2010-11-08,,,,,,
2010-11-09,,,,,,
2010-11-10,,,,,,
2010-11-11,,,,,,
2010-11-12,,,,,,
2010-11-15,,,,,,
2010-11-16,,,,,,
2010-11-17,,,,,,
2010-11-18,,,,,,
2010-11-19,,,,,,
2010-11-22,,,,,,
2010-11-23,,,,,,
2010-11-24,,,,,,
2010-11-26,,,,,,
2010-11-29,,,,,,
2010-11-30,,,,,,
2010-12-01,,,,,,
2010-12-02,,,,,,
2010-12-03,,,,,,
2010-12-06,,,,,,
2010-12-07,,,,,,
2010-12-08,,,,,,
2010-12-09,,,,,,
2010-12-10,,,,,,
2010-12-13,,,,,,
2010-12-14,,,,,,
2010-12-15,,,,,,
2010-12-16,,,,,,
2010-12-17,,,,,,
2010-12-20,,,,,,
2010-12-21,,,,,,
2010-12-22,,,,,,
2010-12-23,,,,,,
2010-12-27,,,,,,
2010-12-28,,,,,,
2010-12-29,,,,,,
2010-12-30,,,,,,
2010-12-31,,,,,,
2011-01-03,,,,,,
2011-01-04,,,,,,
2011-01-05,,,,,,
2011-01-06,,,,,,
2011-01-07,,,,,,
2011-01-10,,,,,,
2011-01-11,,,,,,
2011-01-12,,,,,,
2011-01-13,,,,,,
2011-01-14,,,,,,
2011-01-18,,,,,,
2011-01-19,,,,,,
2011-01-20,,,,,,
2011-01-21,,,,,,
2011-01-24,,,,,,
2011-01-25,,,,,,
2011-01-26,,,,,,
2011-01-27,20.14,25.4,25.85,24.9,24.9,5809300.0
2011-01-28,19.83,25.0,25.4,25.0,25.4,2611900.0
2011-01-31,20.67,26.07,26.5,24.75,24.98,2505300.0
2011-02-01,20.42,25.75,26.63,25.5,26.45,2155300.0
2011-02-02,20.58,25.95,26.33,25.74,25.98,1173100.0
2011-02-03,20.58,25.95,26.08,25.75,25.76,668300.0
2011-02-04,20.68,26.08,27.1,25.75,26.05,720200.0
2011-02-07,20.45,25.79,26.2,25.64,26.05,1204800.0
2011-02-08,20.64,26.03,26.06,25.65,25.7,3632000.0
2011-02-09,20.29,25.58,26.2,25.53,25.97,873200.0
2011-02-10,20.14,25.4,25.64,25.0,25.5,1149600.0
2011-02-11,20.0,25.22,26.02,25.11,26.02,2107900.0
2011-02-14,20.12,25.37,25.47,25.11,25.47,1122500.0
2011-02-15,20.13,25.38,25.42,25.06,25.32,887500.0
2011-02-16,20.62,26.0,26.0,25.31,25.31,853400.0
2011-02-17,21.42,27.01,27.21,25.88,25.88,1733100.0
2011-02-18,21.96,27.69,27.84,26.9,27.08,1360800.0
2011-02-22,20.95,26.42,27.49,26.21,27.15,1109400.0
2011-02-23,21.14,26.66,26.72,25.97,26.15,1125400.0
2011-02-24,20.58,25.95,26.52,25.94,26.46,496900.0
2011-02-25,20.61,25.99,26.16,25.78,26.04,556100.0
2011-02-28,21.09,26.59,26.74,25.96,26.11,872400.0
2011-03-01,21.52,27.13,27.5,25.92,26.0,1033500.0
2011-03-02,21.35,26.92,27.25,26.74,27.05,419700.0
2011-03-03,21.21,26.74,26.94,26.07,26.84,2173600.0
2011-03-04,21.06,26.55,27.04,26.32,26.52,719100.0
2011-03-07,21.41,27.0,27.84,26.85,27.27,1476600.0
2011-03-08,21.49,27.1,27.49,26.9,27.0,921300.0
2011-03-09,21.39,26.97,27.18,26.68,27.0,470800.0
2011-03-10,20.64,26.02,26.94,25.87,26.47,1128300.0
2011-03-11,20.62,26.0,26.48,25.81,25.81,706900.0
2011-03-14,20.98,26.46,26.76,25.77,25.79,786600.0
2011-03-15,20.89,26.34,26.58,25.81,25.9,859600.0
2011-03-16,20.64,26.03,26.38,25.71,26.32,1261100.0
2011-03-17,20.69,26.09,26.49,26.04,26.43,363600.0
2011-03-18,21.13,26.64,26.66,26.2,26.2,663900.0
2011-03-21,21.41,27.0,27.06,26.44,26.65,377600.0
2011-03-22,21.53,27.15,27.47,26.82,26.91,720600.0
2011-03-23,21.24,26.78,27.38,26.63,27.01,812000.0
2011-03-24,21.46,27.06,27.14,26.43,26.85,225200.0
2011-03-25,21.9,27.62,28.15,27.21,27.21,475200.0
2011-03-28,21.8,27.49,28.02,27.34,27.58,605300.0
2011-03-29,22.16,27.94,27.94,27.31,27.52,410800.0
2011-03-30,22.06,27.82,28.15,27.62,28.01,912000.0
2011-03-31,21.66,27.31,27.95,27.15,27.84,5847400.0
2011-04-01,21.64,27.29,27.66,27.01,27.4,609800.0
2011-04-04,22.01,27.75,28.0,27.28,27.28,945500.0
2011-04-05,21.74,27.41,27.64,27.17,27.64,273400.0
2011-04-06,21.81,27.5,27.53,27.06,27.49,653900.0
2011-04-07,21.79,27.48,27.61,26.94,27.39,242400.0
2011-04-08,21.44,27.03,27.77,26.91,27.77,446100.0
2011-04-11,21.93,27.65,27.97,26.88,27.0,483700.0
2011-04-12,22.27,28.08,28.26,27.32,27.48,1260300.0
2011-04-13,22.26,28.07,28.42,27.93,28.18,1031600.0
2011-04-14,21.94,27.66,28.05,27.48,27.97,161600.0
2011-04-15,22.22,28.02,28.03,27.54,27.63,246800.0
2011-04-18,21.65,27.3,27.88,27.22,27.7,311500.0
2011-04-19,21.89,27.6,28.19,27.27,27.3,371200.0
2011-04-20,21.63,27.28,28.0,27.14,27.92,1493500.0
2011-04-21,22.8,28.75,29.23,27.48,27.48,1009500.0
2011-04-25,22.68,28.6,29.06,27.81,28.87,1074200.0
2011-04-26,22.58,28.47,28.74,28.09,28.6,491200.0
2011-04-27,22.78,28.72,29.11,28.52,28.57,848500.0
2011-04-28,23.25,29.32,31.5,28.65,28.77,2091200.0
2011-04-29,23.7,29.89,30.1,29.27,29.38,1065600.0
2011-05-02,23.66,29.83,30.15,29.74,29.89,437800.0
2011-05-03,23.28,29.35,29.95,29.26,29.85,470700.0
2011-05-04,22.88,28.85,29.58,28.58,29.5,599000.0
2011-05-05,23.61,29.77,29.83,28.75,28.77,415600.0
2011-05-06,23.66,29.83,30.13,29.6,29.94,198500.0
2011-05-09,24.02,30.29,30.78,29.78,29.9,742200.0
2011-05-10,23.97,30.22,30.85,30.09,30.43,328500.0
2011-05-11,23.94,30.19,30.5,30.04,30.41,701900.0
2011-05-12,24.01,30.27,30.52,29.35,30.08,657000.0
2011-05-13,24.27,30.6,30.72,29.91,30.37,383700.0
2011-05-16,24.51,30.9,31.47,30.2,30.49,694400.0
2011-05-17,25.43,32.06,32.62,30.89,30.89,1846300.0
2011-05-18,25.4,32.03,32.33,30.73,31.13,1327400.0
2011-05-19,25.14,31.7,32.15,31.35,31.9,643200.0
2011-05-20,25.33,31.94,32.07,31.5,31.73,599400.0
2011-05-23,24.94,31.45,32.03,31.21,31.69,732900.0
2011-05-24,24.28,30.61,31.75,30.13,31.74,1721400.0
2011-05-25,24.38,30.74,31.86,30.33,30.61,1114400.0
2011-05-26,24.6,31.02,31.2,30.54,30.77,669100.0
2011-05-27,24.87,31.36,31.83,31.09,31.31,1110200.0
2011-05-31,24.97,31.49,33.0,31.25,31.78,4236000.0
2011-06-01,24.45,30.83,31.69,30.7,31.59,618100.0
2011-06-02,25.38,32.0,32.11,30.85,30.9,597600.0
2011-06-03,25.08,31.62,31.96,31.14,31.65,360400.0
2011-06-06,24.7,31.15,31.79,31.07,31.64,281200.0
2011-06-07,25.2,31.77,32.06,31.15,31.18,782900.0
2011-06-08,24.93,31.44,31.85,31.38,31.64,397200.0
2011-06-09,24.97,31.49,31.55,31.13,31.55,153200.0
2011-06-10,24.24,30.56,31.43,30.29,31.43,280900.0
2011-06-13,24.3,30.64,31.27,30.48,30.54,508900.0
2011-06-14,24.28,30.61,31.2,30.57,30.82,242200.0
2011-06-15,23.59,29.74,31.16,29.72,30.36,848200.0
2011-06-16,23.1,29.13,29.9,28.59,29.71,1063300.0
2011-06-17,24.01,30.28,31.17,29.27,29.27,1302500.0
2011-06-20,23.43,29.54,30.25,29.39,30.16,515400.0
2011-06-21,24.23,30.55,30.74,29.32,29.5,291000.0
2011-06-22,23.8,30.01,30.5,29.94,30.38,345900.0
2011-06-23,24.39,30.75,30.93,29.53,29.78,927900.0
2011-06-24,23.77,29.97,30.78,29.66,30.67,1285600.0
2011-06-27,23.32,29.4,30.15,29.34,29.92,285800.0
2011-06-28,23.74,29.93,30.08,29.13,29.7,435400.0
2011-06-29,24.19,30.5,30.72,29.73,29.97,629500.0
2011-06-30,24.71,31.16,31.68,30.43,30.63,779500.0
2011-07-01,24.46,30.84,31.29,30.17,31.11,628000.0
2011-07-05,24.51,30.9,30.95,30.2,30.74,190400.0
2011-07-06,24.34,30.69,31.2,30.41,30.91,307200.0
2011-07-07,24.87,31.36,31.8,30.72,30.84,210400.0
2011-07-08,24.28,30.62,31.01,30.31,30.93,150200.0
2011-07-11,23.86,30.08,30.51,30.0,30.32,106500.0
2011-07-12,23.83,30.05,30.36,29.75,29.84,289700.0
2011-07-13,23.87,30.1,31.12,29.97,30.31,197800.0
2011-07-14,24.03,30.3,30.44,29.61,30.1,504500.0
2011-07-15,24.62,31.04,31.48,30.68,30.68,517000.0
2011-07-18,24.21,30.53,31.12,30.14,30.99,347400.0
2011-07-19,24.46,30.84,31.34,30.63,30.63,287000.0
2011-07-20,23.97,30.22,31.0,30.1,30.81,441800.0
2011-07-21,24.2,30.51,30.74,30.33,30.5,1398100.0
2011-07-22,24.54,30.94,31.35,30.46,30.62,754100.0
2011-07-25,24.09,30.38,31.09,30.24,30.58,719400.0
2011-07-26,24.02,30.29,30.57,30.16,30.4,432600.0
2011-07-27,24.1,30.39,30.65,29.89,30.06,1087900.0
2011-07-28,24.1,30.39,31.83,30.32,30.76,824400.0
2011-07-29,23.76,29.96,30.14,29.68,30.03,1750000.0
2011-08-01,23.7,29.89,30.48,29.7,30.22,502600.0
2011-08-02,23.0,29.0,30.0,28.94,29.67,436400.0
2011-08-03,23.09,29.11,29.15,28.41,28.92,608000.0
2011-08-04,22.3,28.12,28.99,28.11,28.66,909100.0
2011-08-05,21.93,27.65,28.53,26.74,28.33,1560600.0
2011-08-08,20.71,26.12,27.44,26.06,26.75,1136300.0
2011-08-09,21.45,27.05,27.06,25.79,26.36,1107200.0
2011-08-10,20.99,26.47,27.41,26.37,26.59,1437800.0
2011-08-11,21.75,27.43,27.64,26.42,26.7,944900.0
2011-08-12,21.45,27.05,27.79,26.96,27.49,289600.0
2011-08-15,22.11,27.88,28.01,27.11,27.18,808000.0
2011-08-16,22.1,27.87,28.2,27.55,27.71,517500.0
2011-08-17,22.61,28.51,28.79,27.92,27.92,547400.0
2011-08-18,21.74,27.41,28.08,26.73,28.08,1153000.0
2011-08-19,21.06,26.56,27.57,26.51,26.96,1435200.0
2011-08-22,21.95,27.68,27.85,26.8,26.92,1520900.0
2011-08-23,21.76,27.44,27.87,26.71,27.84,847500.0
2011-08-24,22.01,27.75,28.23,27.17,27.18,857000.0
2011-08-25,21.82,27.52,27.85,27.23,27.76,670100.0
2011-08-26,22.44,28.29,28.85,27.05,27.4,772400.0
2011-08-29,23.43,29.55,29.68,28.23,28.57,462700.0
2011-08-30,23.34,29.43,29.68,28.92,29.37,465300.0
2011-08-31,23.52,29.66,29.87,29.34,29.52,583800.0
2011-09-01,23.31,29.39,29.89,29.34,29.63,294700.0
2011-09-02,23.4,29.51,29.55,28.89,29.04,532000.0
2011-09-06,22.86,28.83,29.13,28.37,28.76,575500.0
2011-09-07,23.05,29.07,29.5,28.83,29.16,849800.0
2011-09-08,23.1,29.13,29.28,28.84,28.84,401100.0
2011-09-09,22.47,28.33,29.15,27.87,28.97,450800.0
2011-09-12,22.05,27.8,28.27,27.48,28.01,323300.0
2011-09-13,21.9,27.61,27.88,27.44,27.88,566200.0
2011-09-14,21.46,27.06,27.76,27.03,27.76,889700.0
2011-09-15,21.98,27.72,27.88,27.12,27.39,641100.0
2011-09-16,22.43,28.28,28.34,27.62,27.88,359200.0
2011-09-19,22.41,28.26,28.59,27.55,27.98,605600.0
2011-09-20,21.94,27.67,28.34,27.48,28.28,1251900.0
2011-09-21,22.67,28.59,28.72,27.5,27.67,1314000.0
2011-09-22,20.71,26.12,27.88,25.7,27.86,1613800.0
2011-09-23,21.11,26.62,26.69,24.67,25.25,1210800.0
2011-09-26,21.22,26.76,26.98,25.83,26.47,1182000.0
2011-09-27,21.73,27.4,27.81,26.91,27.05,1738600.0
2011-09-28,21.69,27.35,28.31,27.26,27.5,1368500.0
2011-09-29,21.21,26.75,28.01,26.32,27.73,923900.0
2011-09-30,20.68,26.08,26.89,25.95,26.43,539600.0
2011-10-03,19.87,25.05,26.53,24.99,25.97,745200.0
2011-10-04,19.92,25.12,25.51,24.38,24.86,660200.0
2011-10-05,21.04,26.53,26.93,26.05,26.21,1000300.0
2011-10-06,21.71,27.38,27.7,26.26,26.6,1575400.0
2011-10-07,21.64,27.29,27.74,27.04,27.72,333800.0
2011-10-10,21.81,27.5,27.78,27.03,27.62,704100.0
2011-10-11,21.48,27.08,27.48,26.9,27.35,652000.0
2011-10-12,21.97,27.7,27.84,27.13,27.29,616200.0
2011-10-13,22.17,27.95,28.08,27.45,27.56,594000.0
2011-10-14,22.38,28.22,28.44,27.9,28.3,497700.0
2011-10-17,22.24,28.04,28.22,27.63,28.02,278500.0
2011-10-18,22.44,28.3,28.69,27.15,27.91,467200.0
2011-10-19,22.35,28.18,28.47,27.86,28.11,769000.0
2011-10-20,22.85,28.81,28.82,27.39,28.08,518900.0
2011-10-21,22.98,28.98,29.25,28.83,28.93,699600.0
2011-10-24,22.82,28.78,29.12,28.68,28.99,276500.0
2011-10-25,22.35,28.18,28.92,28.06,28.68,618500.0
2011-10-26,21.72,27.39,28.56,27.25,28.38,447800.0
2011-10-27,23.7,29.88,30.34,28.0,28.78,1039400.0
2011-10-28,23.36,29.45,30.26,28.97,29.07,2017000.0
2011-10-31,23.28,29.35,29.74,28.46,29.11,1023300.0
2011-11-01,22.79,28.74,28.9,28.37,28.61,459000.0
2011-11-02,22.76,28.7,29.15,28.41,28.79,331200.0
2011-11-03,22.94,28.93,29.03,28.51,28.83,146700.0
2011-11-04,23.37,29.47,29.5,28.55,28.69,385800.0
2011-11-07,23.83,30.05,30.46,29.32,29.42,416400.0
2011-11-08,23.99,30.25,30.44,29.8,30.19,546700.0
2011-11-09,23.38,29.48,30.0,29.39,29.73,454100.0
2011-11-10,23.8,30.01,30.02,29.61,29.76,460200.0
2011-11-11,24.04,30.31,30.37,29.92,30.17,245700.0
2011-11-14,24.53,30.93,30.96,29.86,30.15,543100.0
2011-11-15,24.58,30.99,31.45,30.46,30.92,935100.0
2011-11-16,23.86,30.09,30.7,29.9,30.7,511700.0
2011-11-17,22.9,28.88,30.11,28.81,30.07,384600.0
2011-11-18,22.65,28.56,29.0,28.55,28.94,269900.0
2011-11-21,22.74,28.68,28.94,28.14,28.26,503100.0
2011-11-22,23.17,29.22,29.55,28.54,28.69,375400.0
2011-11-23,22.57,28.46,29.08,28.24,29.08,228500.0
2011-11-25,22.61,28.51,28.76,28.06,28.39,139400.0
2011-11-28,23.01,29.02,29.32,28.9,29.1,395800.0
2011-11-29,22.72,28.65,29.17,28.27,29.06,445800.0
2011-11-30,23.04,29.05,29.45,28.69,29.45,1304000.0
2011-12-01,23.29,29.37,29.65,28.91,28.91,364600.0
2011-12-02,23.68,29.86,29.98,29.2,29.53,466600.0
2011-12-05,23.55,29.7,30.45,29.56,30.05,430500.0
2011-12-06,22.9,28.88,29.8,28.82,29.7,494600.0
2011-12-07,22.88,28.85,28.95,28.35,28.71,397900.0
2011-12-08,22.28,28.1,28.94,27.96,28.66,288300.0
2011-12-09,22.77,28.71,28.79,27.74,28.15,996300.0
2011-12-12,22.78,28.72,28.84,28.12,28.39,237600.0
2011-12-13,22.6,28.5,29.03,28.38,28.84,455700.0
2011-12-14,22.12,27.89,28.46,27.66,28.22,569600.0
2011-12-15,22.09,27.86,28.07,27.47,28.05,1484700.0
2011-12-16,22.05,27.8,28.39,27.55,27.9,2231500.0
2011-12-19,22.48,28.35,28.71,27.09,27.98,799100.0
2011-12-20,23.37,29.47,29.49,28.56,28.73,669800.0
2011-12-21,23.62,29.78,29.97,29.2,29.35,667900.0
2011-12-22,23.65,29.82,29.94,29.04,29.75,536300.0
2011-12-23,23.69,29.87,30.11,29.51,29.81,250900.0
2011-12-27,23.59,29.74,29.8,29.07,29.69,260000.0
2011-12-28,23.43,29.54,29.87,29.38,29.7,282800.0
2011-12-29,23.51,29.65,30.06,29.4,29.52,393400.0
2011-12-30,23.55,29.69,29.99,29.58,29.7,262100.0
2012-01-03,23.74,29.93,30.5,29.66,29.99,824500.0
2012-01-04,23.23,29.29,29.63,28.58,28.76,500600.0
2012-01-05,23.28,29.35,29.49,28.75,28.75,361500.0
2012-01-06,23.25,29.32,29.6,28.96,29.26,404800.0
2012-01-09,23.19,29.24,29.44,28.95,29.4,285800.0
2012-01-10,23.47,29.6,30.04,29.48,29.8,518900.0
2012-01-11,23.46,29.58,29.74,29.44,29.44,355400.0
2012-01-12,23.2,29.26,29.75,29.22,29.6,372400.0
2012-01-13,22.6,28.5,29.17,28.4,29.11,723500.0
2012-01-17,23.26,29.33,29.8,28.67,28.75,771800.0
2012-01-18,23.28,29.36,29.47,29.18,29.33,239100.0
2012-01-19,22.76,28.7,29.65,28.66,29.35,402100.0
2012-01-20,22.28,28.09,28.66,27.74,28.52,452400.0
2012-01-23,22.98,28.98,29.04,28.12,28.14,327800.0
2012-01-24,22.74,28.67,28.97,28.4,28.86,303300.0
2012-01-25,22.7,28.62,28.86,28.42,28.7,304400.0
2012-01-26,23.05,29.06,29.48,28.62,28.66,498200.0
2012-01-27,23.14,29.18,29.41,28.84,28.89,548300.0
2012-01-30,23.01,29.01,29.18,28.85,28.94,493000.0
2012-01-31,22.98,28.98,29.35,28.71,29.11,588700.0
2012-02-01,22.98,28.98,29.37,28.88,29.0,1959700.0
2012-02-02,22.79,28.74,29.35,28.58,29.17,587600.0
2012-02-03,23.97,30.22,30.27,29.0,29.0,733400.0
2012-02-06,22.88,28.85,29.95,28.0,29.24,1428200.0
2012-02-07,22.28,28.09,28.73,27.95,28.55,1260100.0
2012-02-08,22.59,28.48,28.67,28.18,28.2,1490500.0
2012-02-09,22.51,28.39,28.66,28.12,28.6,475700.0
2012-02-10,22.58,28.47,28.62,28.05,28.26,902800.0
2012-02-13,21.76,27.44,28.68,27.33,28.52,1931500.0
2012-02-14,21.66,27.31,27.57,26.57,27.15,3718000.0
2012-02-15,22.06,27.82,28.37,27.48,27.5,1412400.0
2012-02-16,22.55,28.44,28.49,27.52,27.96,785400.0
2012-02-17,22.43,28.28,28.52,28.16,28.45,365100.0
2012-02-21,22.22,28.02,28.55,27.95,28.3,620100.0
2012-02-22,22.07,27.83,28.28,27.41,28.04,1081300.0
2012-02-23,22.16,27.94,28.0,27.65,27.78,523300.0
2012-02-24,22.13,27.9,27.92,27.09,27.86,671300.0
2012-02-27,22.85,28.81,28.91,27.62,27.68,1555600.0
2012-02-28,23.22,29.28,29.42,28.56,28.88,1103300.0
2012-02-29,23.39,29.49,29.57,29.1,29.39,1229700.0
2012-03-01,23.43,29.54,29.56,29.41,29.53,816400.0
2012-03-02,23.4,29.5,29.58,29.17,29.45,811700.0
2012-03-05,23.41,29.52,29.67,29.33,29.5,891800.0
2012-03-06,23.15,29.19,29.42,28.86,29.25,529800.0
2012-03-07,23.15,29.19,29.57,29.06,29.17,734800.0
2012-03-08,23.51,29.65,29.75,29.33,29.5,821500.0
2012-03-09,23.39,29.49,29.75,29.45,29.73,294800.0
2012-03-12,23.42,29.53,29.6,29.33,29.49,320100.0
2012-03-13,23.62,29.78,29.82,29.48,29.56,620300.0
2012-03-14,23.64,29.81,29.99,29.54,29.82,777100.0
2012-03-15,23.91,30.15,30.2,29.71,29.77,700500.0
2012-03-16,24.11,30.4,30.45,30.05,30.14,367200.0
2012-03-19,24.01,30.27,30.5,29.14,29.25,1462300.0
2012-03-20,24.29,30.63,31.1,29.95,30.07,1933000.0
2012-03-21,24.19,30.5,30.82,30.06,30.55,23929000.0
2012-03-22,23.87,30.1,30.5,30.09,30.36,1731000.0
2012-03-23,24.13,30.43,30.45,29.7,30.06,2164600.0
2012-03-26,24.12,30.42,30.62,30.29,30.51,798500.0
2012-03-27,24.03,30.3,30.51,29.79,30.32,3004300.0
2012-03-28,23.65,29.82,30.29,29.51,30.2,2386700.0
2012-03-29,23.43,29.55,29.75,29.27,29.65,1556200.0
2012-03-30,23.9,30.14,30.22,29.59,29.75,2244000.0
2012-04-02,23.93,30.17,30.25,29.96,30.07,1089900.0
2012-04-03,24.02,30.29,30.29,29.89,30.06,1731800.0
2012-04-04,23.79,30.0,30.12,29.57,30.1,1421500.0
2012-04-05,23.6,29.76,29.95,29.4,29.9,892200.0
2012-04-09,23.5,29.63,29.66,29.11,29.41,780900.0
2012-04-10,23.14,29.18,29.88,29.11,29.65,1429300.0
2012-04-11,23.14,29.18,29.64,29.07,29.38,1324600.0
2012-04-12,23.34,29.43,29.68,29.15,29.16,580100.0
2012-04-13,23.15,29.19,29.42,28.9,29.27,994300.0
2012-04-16,22.97,28.96,29.37,28.84,29.24,1005600.0
2012-04-17,23.1,29.13,29.44,29.07,29.15,594900.0
2012-04-18,22.93,28.91,29.09,28.09,29.04,2708300.0
2012-04-19,22.77,28.71,28.95,28.61,28.77,1946500.0
2012-04-20,23.19,29.24,29.65,28.85,28.88,1635200.0
2012-04-23,22.94,28.92,29.11,28.81,28.84,1261800.0
2012-04-24,23.21,29.27,29.32,28.74,28.97,1963600.0
2012-04-25,23.13,29.17,30.27,28.85,29.68,2159800.0
2012-04-26,23.45,29.57,29.93,29.05,29.23,1283500.0
2012-04-27,23.29,29.37,29.85,29.34,29.65,685700.0
2012-04-30,23.17,29.22,29.41,28.7,29.26,906000.0
2012-05-01,23.09,29.12,29.87,29.08,29.19,959400.0
2012-05-02,23.1,29.13,29.27,28.94,29.1,726500.0
2012-05-03,23.2,29.26,29.37,28.95,29.12,711000.0
2012-05-04,23.47,29.6,30.35,29.24,29.24,2039800.0
2012-05-07,23.05,29.07,29.7,28.95,29.63,1274700.0
2012-05-08,23.17,29.22,29.25,28.5,29.0,1232000.0
2012-05-09,22.95,28.94,29.06,28.73,29.0,1011000.0
2012-05-10,22.74,28.68,29.29,28.66,29.07,1910200.0
2012-05-11,22.66,28.57,29.0,28.41,28.61,1036200.0
2012-05-14,22.24,28.04,28.49,28.0,28.41,965800.0
2012-05-15,22.25,28.06,28.13,27.63,28.09,2144200.0
2012-05-16,22.35,28.18,28.62,28.02,28.06,1545100.0
2012-05-17,21.56,27.18,28.44,27.07,28.29,1313800.0
2012-05-18,21.81,27.5,27.93,27.18,27.21,1056000.0
2012-05-21,22.02,27.77,27.9,27.49,27.65,917800.0
2012-05-22,22.06,27.82,28.14,27.67,27.83,1075400.0
2012-05-23,21.7,27.36,27.71,27.18,27.51,969000.0
2012-05-24,21.96,27.69,27.89,27.38,27.48,517900.0
2012-05-25,22.0,27.74,27.86,27.58,27.63,386000.0
2012-05-29,22.28,28.09,28.12,27.7,27.81,959100.0
2012-05-30,21.94,27.67,27.97,27.5,27.97,1132400.0
2012-05-31,22.0,27.74,27.79,27.21,27.63,1727600.0
2012-06-01,21.69,27.35,27.52,26.84,27.42,2336300.0
2012-06-04,21.69,27.35,27.56,26.97,27.34,910900.0
2012-06-05,21.67,27.32,27.48,27.24,27.24,964400.0
2012-06-06,21.82,27.52,27.62,27.39,27.43,765500.0
2012-06-07,21.68,27.34,27.74,27.29,27.64,890600.0
2012-06-08,21.42,27.01,27.37,26.77,27.37,1424700.0
2012-06-11,21.75,27.43,27.68,27.08,27.29,1500300.0
2012-06-12,22.03,27.78,27.84,27.46,27.5,763200.0
2012-06-13,21.71,27.37,27.76,26.68,26.69,3032000.0
2012-06-14,21.71,27.37,27.72,27.25,27.54,1913100.0
2012-06-15,21.26,26.81,27.48,26.38,27.36,2876500.0
2012-06-18,21.4,26.98,27.22,26.5,26.8,969900.0
2012-06-19,21.88,27.59,27.62,27.06,27.06,1093800.0
2012-06-20,22.02,27.77,27.99,27.46,27.64,1182400.0
2012-06-21,21.8,27.49,27.9,27.41,27.86,567400.0
2012-06-22,21.38,26.96,27.57,26.91,27.53,3144200.0
2012-06-25,21.0,26.48,26.62,26.08,26.47,773700.0
2012-06-26,20.55,25.91,26.51,25.79,26.48,2478700.0
2012-06-27,20.59,25.96,26.19,25.14,26.04,3037200.0
2012-06-28,20.33,25.63,26.12,25.44,25.89,913100.0
2012-06-29,20.79,26.22,26.31,25.94,26.0,1004600.0
2012-07-02,20.98,26.45,26.47,25.96,26.27,1058600.0
2012-07-03,21.07,26.57,26.69,26.42,26.49,319400.0
2012-07-05,21.06,26.56,26.8,26.48,26.52,631400.0
2012-07-06,21.13,26.64,26.72,26.47,26.47,693500.0
2012-07-09,21.23,26.77,26.78,26.4,26.5,762600.0
2012-07-10,20.9,26.35,26.86,26.3,26.81,795900.0
2012-07-11,20.83,26.26,26.51,26.2,26.33,456200.0
2012-07-12,20.69,26.09,26.23,25.87,26.22,1085700.0
2012-07-13,20.87,26.32,26.5,26.1,26.22,680300.0
2012-07-16,20.75,26.17,26.34,25.98,26.34,297200.0
2012-07-17,20.66,26.05,26.32,25.91,26.17,1064900.0
2012-07-18,20.6,25.97,26.23,25.88,25.98,999900.0
2012-07-19,20.61,25.99,26.12,25.78,26.0,610800.0
2012-07-20,20.43,25.76,26.02,25.71,25.93,538500.0
2012-07-23,20.35,25.66,25.74,25.08,25.53,568900.0
2012-07-24,19.85,25.03,25.81,25.02,25.71,824200.0
2012-07-25,21.83,27.53,27.73,25.25,25.25,3148000.0
2012-07-26,22.19,27.98,28.06,27.52,27.75,2151200.0
2012-07-27,22.25,28.05,28.1,27.88,28.0,1993300.0
2012-07-30,22.5,28.37,28.43,27.95,27.99,1386300.0
2012-07-31,22.6,28.5,28.53,27.96,28.3,1208500.0
2012-08-01,22.63,28.53,28.86,28.37,28.64,971100.0
2012-08-02,22.9,28.88,29.11,28.29,28.29,960400.0
2012-08-03,23.15,29.19,29.43,28.92,29.1,593700.0
2012-08-06,23.01,29.02,29.3,28.94,29.24,1066300.0
2012-08-07,22.77,28.71,29.08,28.57,29.07,689200.0
2012-08-08,22.71,28.63,28.75,28.47,28.61,752200.0
2012-08-09,23.01,29.01,29.12,28.47,28.66,1046800.0
2012-08-10,22.98,28.98,29.2,28.81,29.01,565400.0
2012-08-13,22.88,28.85,29.08,28.75,28.88,814800.0
2012-08-14,22.58,28.47,28.86,28.33,28.84,868300.0
2012-08-15,22.68,28.6,28.76,28.36,28.39,780500.0
2012-08-16,22.82,28.77,28.78,28.52,28.56,491600.0
2012-08-17,22.82,28.78,28.81,28.64,28.69,451000.0
2012-08-20,22.74,28.67,28.78,28.43,28.7,383100.0
2012-08-21,22.59,28.48,28.75,28.4,28.67,624800.0
2012-08-22,22.51,28.38,28.55,28.2,28.31,535800.0
2012-08-23,22.21,28.01,28.38,27.96,28.38,667500.0
2012-08-24,22.41,28.26,28.46,27.95,27.98,393000.0
2012-08-27,22.45,28.31,28.49,28.22,28.24,424100.0
2012-08-28,22.36,28.19,28.44,28.16,28.25,321900.0
2012-08-29,22.26,28.07,28.26,27.81,28.0,980400.0
2012-08-30,22.32,28.15,28.3,27.94,28.0,467000.0
2012-08-31,22.24,28.04,28.27,28.01,28.2,661100.0
2012-09-04,22.53,28.41,29.0,27.94,28.1,924400.0
2012-09-05,22.67,28.58,28.67,28.36,28.36,480400.0
2012-09-06,22.7,28.62,29.04,28.38,28.64,973400.0
2012-09-07,22.6,28.5,28.8,28.42,28.61,901300.0
2012-09-10,22.47,28.33,28.53,28.33,28.38,536100.0
2012-09-11,22.55,28.43,28.67,28.39,28.41,2285300.0
2012-09-12,23.47,29.6,29.61,28.46,28.5,2155000.0
2012-09-13,23.4,29.51,29.81,29.39,29.62,1743500.0
2012-09-14,23.4,29.5,29.67,29.44,29.48,1369600.0
2012-09-17,23.57,29.72,29.87,29.4,29.41,1418800.0
2012-09-18,23.8,30.01,30.28,29.5,29.57,1824800.0
2012-09-19,23.93,30.17,30.31,29.84,30.18,661500.0
2012-09-20,23.98,30.24,30.3,29.87,29.94,788600.0
2012-09-21,24.16,30.47,30.5,30.09,30.31,1706400.0
2012-09-24,23.78,29.98,30.48,29.94,30.29,910100.0
2012-09-25,23.42,29.53,30.04,29.48,30.0,912600.0
2012-09-26,23.34,29.43,29.59,29.23,29.5,1099200.0
2012-09-27,23.58,29.73,29.74,29.3,29.43,666500.0
2012-09-28,23.78,29.98,30.2,29.5,29.59,806000.0
2012-10-01,23.58,29.73,30.23,29.61,30.0,1138000.0
2012-10-02,23.97,30.22,30.25,29.84,29.85,578600.0
2012-10-03,24.05,30.32,30.39,30.06,30.22,471200.0
2012-10-04,24.15,30.45,30.51,30.32,30.35,807200.0
2012-10-05,24.42,30.79,31.18,30.29,30.29,1610000.0
2012-10-08,24.28,30.62,30.84,30.45,30.73,637400.0
2012-10-09,24.01,30.27,30.74,30.23,30.64,438700.0
2012-10-10,24.14,30.44,30.48,30.22,30.34,597300.0
2012-10-11,24.32,30.67,30.84,30.47,30.55,1003300.0
2012-10-12,24.4,30.77,30.81,30.36,30.72,683000.0
2012-10-15,24.55,30.95,30.98,30.49,30.65,626100.0
2012-10-16,25.06,31.6,31.73,30.81,30.85,2385100.0
2012-10-17,25.22,31.8,32.07,31.0,31.0,3339000.0
2012-10-18,24.82,31.3,31.87,31.27,31.86,2147600.0
2012-10-19,24.94,31.45,31.49,31.19,31.32,1470100.0
2012-10-22,23.51,29.65,30.4,28.64,29.24,6004400.0
2012-10-23,23.01,29.02,29.67,28.7,29.67,1716400.0
2012-10-24,22.48,28.35,29.17,28.25,29.14,1146800.0
2012-10-25,22.58,28.47,28.73,28.44,28.5,1078500.0
2012-10-26,22.94,28.92,28.96,28.39,28.52,1406000.0
2012-10-29,,,,,,
2012-10-31,22.94,28.92,29.0,28.75,28.75,998700.0
2012-11-01,23.46,29.58,29.58,28.94,29.0,1292900.0
2012-11-02,23.61,29.77,30.0,29.66,29.72,1379000.0
2012-11-05,23.35,29.44,29.75,29.25,29.64,827300.0
2012-11-06,23.48,29.61,29.66,29.2,29.55,872900.0
2012-11-07,23.28,29.36,29.6,29.17,29.48,790100.0
2012-11-08,23.02,29.03,29.45,29.03,29.3,791900.0
2012-11-09,22.83,28.79,29.08,28.7,29.08,1004600.0
2012-11-12,22.93,28.91,29.11,28.76,28.91,618500.0
2012-11-13,22.67,28.58,29.0,28.53,28.81,659600.0
2012-11-14,22.34,28.17,28.87,28.0,28.71,1129400.0
2012-11-15,21.94,27.66,28.37,27.56,28.17,1009700.0
2012-11-16,21.92,27.64,27.98,27.51,27.81,791500.0
2012-11-19,21.95,27.68,27.93,27.3,27.91,1281100.0
2012-11-20,21.86,27.56,27.85,27.32,27.71,1733700.0
2012-11-21,22.25,28.05,28.18,27.4,27.61,2140200.0
2012-11-23,22.41,28.26,28.4,27.89,28.15,377300.0
2012-11-26,22.41,28.26,28.54,28.16,28.27,840800.0
2012-11-27,22.25,28.06,28.41,27.9,28.18,1269800.0
2012-11-28,22.34,28.17,28.21,27.73,27.9,761900.0
2012-11-29,22.59,28.48,28.59,28.12,28.29,631800.0
2012-11-30,22.46,28.32,28.47,28.09,28.41,792600.0
2012-12-03,22.41,28.26,28.54,28.12,28.36,528100.0
2012-12-04,22.59,28.48,28.49,28.19,28.19,758200.0
2012-12-05,22.59,28.48,28.73,28.25,28.48,642000.0
2012-12-06,22.92,28.9,29.04,28.5,28.5,1489300.0
2012-12-07,23.19,29.24,29.36,28.77,28.77,1221000.0
2012-12-10,23.2,29.25,29.38,27.57,27.64,1237700.0
2012-12-11,23.32,29.41,29.5,29.27,29.27,937700.0
2012-12-12,23.22,29.28,29.57,29.27,29.38,1531100.0
2012-12-13,23.32,29.4,29.57,29.07,29.24,1631000.0
2012-12-14,23.51,29.65,29.8,29.24,29.28,1934800.0
2012-12-17,23.49,29.62,29.76,29.4,29.76,1288500.0
2012-12-18,24.52,30.92,30.96,29.85,30.0,8109800.0
2012-12-19,24.22,30.54,31.0,30.42,30.84,1199900.0
2012-12-20,24.43,30.8,30.85,30.35,30.53,2002700.0
2012-12-21,24.26,30.59,30.7,30.22,30.67,777300.0
2012-12-24,24.11,30.4,30.48,30.31,30.46,224400.0
2012-12-26,24.08,30.36,30.43,30.16,30.37,2265500.0
2012-12-27,24.04,30.31,30.49,30.18,30.43,633700.0
2012-12-28,24.0,30.26,30.37,30.14,30.17,469200.0
2012-12-31,24.26,30.59,30.64,30.14,30.35,819900.0
2013-01-02,24.58,30.99,31.2,30.8,31.0,1081400.0
2013-01-03,24.46,30.84,31.15,30.83,30.9,632100.0
2013-01-04,24.74,31.19,31.21,30.69,30.83,513600.0
2013-01-07,25.02,31.55,31.91,30.96,30.96,942600.0
2013-01-08,24.74,31.19,31.54,30.9,31.44,1152200.0
2013-01-09,24.6,31.02,31.36,30.96,31.17,610200.0
2013-01-10,24.51,30.9,31.19,30.8,31.19,792900.0
2013-01-11,24.71,31.16,31.19,30.79,30.97,755200.0
2013-01-14,24.7,31.14,31.18,30.96,31.1,422500.0
2013-01-15,24.84,31.32,31.32,31.05,31.1,595000.0
2013-01-16,24.66,31.1,31.32,31.08,31.19,375200.0
2013-01-17,24.81,31.28,31.39,31.12,31.18,367100.0
2013-01-18,25.08,31.63,31.7,31.08,31.36,569700.0
2013-01-22,24.98,31.5,31.6,31.3,31.56,717000.0
2013-01-23,25.14,31.7,31.8,31.0,31.26,715000.0
2013-01-24,25.52,32.18,32.27,31.67,31.67,993700.0
2013-01-25,25.49,32.14,32.29,31.9,32.13,862100.0
2013-01-28,25.81,32.54,32.66,32.12,32.14,1079200.0
2013-01-29,25.78,32.51,32.57,32.27,32.39,1491200.0
2013-01-30,25.81,32.54,32.69,32.49,32.56,1349500.0
2013-01-31,25.78,32.51,32.71,32.37,32.37,867900.0
2013-02-01,25.81,32.54,32.86,32.5,32.75,1224900.0
2013-02-04,25.35,31.97,32.39,31.86,32.39,2807300.0
2013-02-05,25.62,32.31,32.44,31.87,32.06,986200.0
2013-02-06,25.62,32.3,32.32,32.04,32.11,1343700.0
2013-02-07,25.94,32.71,32.86,32.24,32.24,1853700.0
2013-02-08,26.02,32.81,32.91,32.49,32.86,1568900.0
2013-02-11,25.91,32.67,32.87,32.11,32.75,2666600.0
2013-02-12,26.38,33.26,33.98,32.8,32.86,3831200.0
2013-02-13,26.74,33.72,33.86,33.01,33.2,1500200.0
2013-02-14,25.81,32.55,33.12,31.38,31.4,3211000.0
2013-02-15,25.69,32.4,32.75,32.16,32.56,19895500.0
2013-02-19,25.92,32.69,33.23,32.49,32.5,4306900.0
2013-02-20,25.58,32.25,32.94,32.19,32.72,2111100.0
2013-02-21,25.27,31.87,32.28,31.55,32.28,2729500.0
2013-02-22,25.58,32.26,32.28,31.69,32.0,1637100.0
2013-02-25,25.72,32.43,32.95,32.32,32.43,1980700.0
2013-02-26,26.15,32.97,33.08,32.21,32.37,1877300.0
2013-02-27,26.78,33.77,33.77,32.86,32.91,3240100.0
2013-02-28,26.72,33.69,33.85,33.27,33.7,2188800.0
2013-03-01,27.0,34.05,34.11,33.29,33.49,1790900.0
2013-03-04,27.02,33.91,33.92,33.41,33.68,1213200.0
2013-03-05,27.23,34.18,34.32,33.9,34.1,1091200.0
2013-03-06,27.58,34.61,34.61,34.35,34.44,1183100.0
2013-03-07,27.33,34.3,34.62,34.19,34.55,1281300.0
2013-03-08,27.8,34.89,35.18,34.06,34.48,2683100.0
2013-03-11,27.75,34.83,34.84,34.5,34.84,752100.0
2013-03-12,27.64,34.69,34.99,34.26,34.96,1209600.0
2013-03-13,27.67,34.73,34.79,34.47,34.79,713800.0
2013-03-14,27.59,34.63,34.83,34.48,34.81,845100.0
2013-03-15,27.62,34.66,34.83,34.18,34.83,1883600.0
2013-03-18,27.57,34.6,34.61,34.15,34.42,763400.0
2013-03-19,27.48,34.49,35.0,34.21,34.85,788500.0
2013-03-20,27.62,34.66,34.7,34.42,34.61,716500.0
2013-03-21,27.45,34.45,34.64,34.21,34.56,771200.0
2013-03-22,27.59,34.63,34.64,34.21,34.61,671000.0
2013-03-25,27.55,34.57,34.87,34.32,34.75,613100.0
2013-03-26,27.86,34.97,34.99,34.7,34.77,588900.0
2013-03-27,28.02,35.16,35.18,34.64,34.76,704200.0
2013-03-28,28.54,35.82,35.84,35.07,35.13,1402000.0
2013-04-01,28.19,35.38,35.7,35.05,35.52,1207200.0
2013-04-02,28.17,35.35,35.55,35.17,35.55,1119300.0
2013-04-03,27.91,35.03,35.45,34.71,35.23,1186200.0
2013-04-04,27.85,34.95,35.15,34.84,35.09,433600.0
2013-04-05,27.58,34.61,34.85,34.5,34.59,906000.0
2013-04-08,27.77,34.85,34.93,34.54,34.54,742500.0
2013-04-09,27.82,34.91,35.05,34.79,34.91,782400.0
2013-04-10,28.29,35.5,35.56,34.94,35.02,758600.0
2013-04-11,28.56,35.84,35.94,35.41,35.58,1264000.0
2013-04-12,28.28,35.49,35.84,35.34,35.81,643100.0
2013-04-15,27.63,34.68,35.45,34.62,35.25,844500.0
2013-04-16,27.94,35.07,35.12,34.86,34.95,559700.0
2013-04-17,27.85,34.95,35.06,34.66,35.02,1229000.0
2013-04-18,27.66,34.72,35.0,34.6,35.0,1336200.0
2013-04-19,27.85,34.95,35.0,34.47,35.0,1072000.0
2013-04-22,27.43,34.43,34.92,34.27,34.9,1711600.0
2013-04-23,27.43,34.42,34.58,33.95,34.52,1132900.0
2013-04-24,27.39,34.37,34.59,33.37,34.37,1744200.0
2013-04-25,27.59,34.63,36.74,34.47,35.5,3047600.0
2013-04-26,27.68,34.74,34.99,34.41,34.75,1389700.0
2013-04-29,27.27,34.23,34.64,33.92,34.47,2384100.0
2013-04-30,27.59,34.62,34.71,34.03,34.2,2494600.0
2013-05-01,28.14,35.32,35.74,34.06,34.63,2144800.0
2013-05-02,28.15,35.33,35.52,35.11,35.47,2011300.0
2013-05-03,28.4,35.64,35.76,35.44,35.44,875300.0
2013-05-06,28.7,36.02,36.31,35.81,36.05,2092000.0
2013-05-07,28.9,36.27,36.41,35.97,36.07,1055800.0
2013-05-08,29.12,36.54,36.54,36.22,36.31,1697400.0
2013-05-09,29.32,36.8,36.88,36.44,36.49,1094000.0
2013-05-10,29.41,36.91,37.09,36.83,36.86,1287500.0
2013-05-13,27.9,35.01,36.25,35.0,35.56,4516500.0
2013-05-14,27.61,34.65,35.13,34.6,34.66,23288600.0
2013-05-15,27.88,34.99,35.1,34.75,34.92,6436500.0
2013-05-16,27.89,35.0,35.12,34.79,35.1,3417000.0
2013-05-17,28.11,35.28,35.49,34.84,35.0,2779400.0
2013-05-20,28.23,35.43,35.47,35.02,35.28,2558000.0
2013-05-21,27.78,34.86,35.34,34.78,35.26,2523400.0
2013-05-22,27.53,34.55,35.05,34.46,34.71,1842200.0
2013-05-23,27.47,34.48,34.54,34.01,34.44,1291300.0
2013-05-24,27.9,35.01,35.01,34.17,34.46,2600400.0
2013-05-28,27.83,34.93,35.28,34.69,35.01,1872900.0
2013-05-29,27.01,33.9,34.87,33.88,34.87,3620100.0
2013-05-30,27.0,33.89,34.11,33.71,33.92,1318500.0
2013-05-31,27.02,33.91,34.04,33.4,33.78,2626700.0
2013-06-03,27.23,34.01,34.04,33.62,33.83,1941200.0
2013-06-04,26.94,33.65,34.05,33.6,33.94,1372000.0
2013-06-05,26.75,33.41,33.77,33.29,33.7,1499200.0
2013-06-06,26.92,33.62,33.62,33.16,33.33,1825800.0
2013-06-07,27.42,34.25,34.33,33.42,33.6,1267000.0
2013-06-10,27.2,33.98,34.31,33.97,34.3,1035500.0
2013-06-11,27.16,33.93,34.02,33.6,33.72,1249600.0
2013-06-12,27.16,33.92,34.13,33.87,34.02,1457400.0
2013-06-13,27.49,34.34,34.41,33.79,33.98,1287700.0
2013-06-14,27.48,34.33,34.48,34.2,34.29,1765300.0
2013-06-17,27.7,34.6,34.8,34.29,34.5,1679400.0
2013-06-18,28.08,35.08,35.24,34.6,34.67,1319600.0
2013-06-19,28.06,35.05,35.77,34.89,34.99,3461800.0
2013-06-20,27.57,34.44,34.88,34.3,34.72,2095900.0
2013-06-21,27.23,34.01,34.62,33.9,34.44,2490300.0
2013-06-24,27.16,33.92,34.01,33.24,33.75,1635400.0
2013-06-25,27.07,33.81,34.16,33.58,34.03,1413100.0
2013-06-26,27.05,33.79,34.03,33.13,34.01,2841200.0
2013-06-27,27.3,34.1,34.26,33.85,33.98,1243900.0
2013-06-28,26.89,33.59,34.26,33.55,34.17,7860200.0
2013-07-01,26.64,33.28,33.68,33.07,33.64,3545000.0
2013-07-02,27.2,33.97,34.75,33.88,34.62,9950000.0
2013-07-03,27.17,33.94,34.05,33.76,33.85,2291500.0
2013-07-05,27.78,34.7,34.8,33.9,34.04,4606200.0
2013-07-08,28.1,35.1,35.7,34.91,34.98,49549100.0
2013-07-09,27.4,34.23,35.26,34.19,35.14,3987200.0
2013-07-10,26.84,33.53,34.22,33.25,34.13,4989700.0
2013-07-11,27.43,34.26,34.27,33.69,33.77,3542400.0
2013-07-12,27.6,34.47,34.53,34.1,34.17,3444900.0
2013-07-15,27.57,34.44,34.76,34.44,34.47,2637200.0
2013-07-16,27.09,33.84,34.52,33.5,34.41,3803800.0
2013-07-17,26.4,32.97,34.14,32.63,33.88,5133100.0
2013-07-18,26.76,33.42,33.66,32.76,33.05,2728000.0
2013-07-19,26.58,33.2,33.42,32.89,33.31,2319300.0
2013-07-22,26.74,33.4,33.49,33.09,33.37,1187500.0
2013-07-23,26.66,33.3,33.51,33.18,33.4,2045300.0
2013-07-24,26.67,33.31,33.75,33.26,33.45,1684600.0
2013-07-25,26.62,33.25,33.39,33.11,33.11,1572300.0
2013-07-26,26.6,33.23,33.28,32.98,33.25,1205300.0
2013-07-29,26.7,33.35,33.48,33.05,33.06,1881800.0
2013-07-30,26.87,33.56,34.53,33.14,33.41,3904600.0
2013-07-31,26.76,33.42,33.88,33.4,33.66,1774500.0
2013-08-01,26.88,33.58,33.92,33.43,33.74,3084800.0
2013-08-02,27.01,33.74,33.84,33.34,33.41,3006500.0
2013-08-05,27.07,33.81,33.95,33.63,33.77,2121900.0
2013-08-06,26.97,33.69,33.82,33.52,33.7,1385600.0
2013-08-07,26.55,33.16,33.75,33.13,33.56,1880700.0
2013-08-08,26.3,32.85,33.55,32.81,33.26,1680100.0
2013-08-09,26.49,33.09,33.44,32.86,33.21,1428100.0
2013-08-12,26.76,33.42,33.52,32.89,33.01,1404300.0
2013-08-13,26.74,33.4,33.63,33.28,33.53,1708900.0
2013-08-14,26.31,32.87,33.33,32.55,33.15,2547000.0
2013-08-15,26.15,32.66,32.95,32.57,32.68,1414600.0
2013-08-16,26.2,32.73,33.02,32.47,32.57,1583100.0
2013-08-19,26.06,32.55,32.98,32.4,32.6,2024600.0
2013-08-20,26.95,33.66,34.27,33.01,33.01,2655600.0
2013-08-21,26.88,33.57,33.82,33.28,33.55,1869300.0
2013-08-22,27.13,33.89,33.97,33.42,33.68,1233700.0
2013-08-23,27.27,34.06,34.23,33.6,33.92,2367000.0
2013-08-26,27.63,34.31,34.78,33.79,33.85,2888000.0
2013-08-27,27.19,33.76,34.19,33.67,33.99,1954500.0
2013-08-28,27.53,34.18,34.33,33.68,33.68,2026300.0
2013-08-29,27.81,34.53,34.63,33.97,34.1,1857300.0
2013-08-30,27.78,34.5,34.65,34.36,34.52,1650500.0
2013-09-03,27.92,34.67,34.97,34.51,34.81,1527200.0
2013-09-04,27.82,34.54,34.76,34.38,34.64,1891700.0
2013-09-05,28.05,34.83,34.94,34.54,34.54,1387700.0
2013-09-06,28.19,35.0,35.4,34.7,35.0,2583300.0
2013-09-09,28.25,35.08,35.24,34.99,35.03,1765400.0
2013-09-10,28.51,35.4,35.49,35.08,35.13,1744800.0
2013-09-11,28.55,35.45,35.51,35.3,35.31,1508700.0
2013-09-12,28.71,35.65,35.93,35.43,35.46,1755700.0
2013-09-13,28.64,35.56,35.75,35.44,35.6,1438300.0
2013-09-16,28.67,35.6,36.04,35.45,35.98,2154700.0
2013-09-17,29.31,36.39,36.5,35.63,35.67,1372400.0
2013-09-18,29.75,36.94,37.04,36.26,36.37,1438900.0
2013-09-19,29.94,37.18,37.3,36.66,36.78,3389000.0
2013-09-20,28.89,35.87,37.04,35.87,36.89,3867700.0
2013-09-23,29.3,36.38,36.61,36.17,36.34,2956800.0
2013-09-24,29.45,36.57,36.89,36.42,36.42,1917100.0
2013-09-25,29.44,36.56,36.88,36.52,36.65,1303200.0
2013-09-26,29.41,36.52,36.65,36.33,36.62,1495100.0
2013-09-27,29.25,36.32,36.47,36.14,36.47,1410900.0
2013-09-30,29.35,36.45,36.65,35.96,36.36,1943000.0
2013-10-01,29.9,37.13,37.22,36.46,37.12,1772600.0
2013-10-02,29.49,36.62,37.0,36.57,37.0,1721800.0
2013-10-03,29.25,36.32,36.5,36.25,36.5,1067700.0
2013-10-04,29.31,36.4,36.45,36.15,36.25,1458900.0
2013-10-07,29.16,36.21,36.43,35.86,36.24,1323000.0
2013-10-08,28.91,35.9,36.35,35.88,36.23,1511800.0
2013-10-09,29.08,36.11,36.24,35.95,36.05,1363600.0
2013-10-10,30.05,37.31,37.37,36.21,36.29,2133000.0
2013-10-11,29.99,37.24,37.33,37.02,37.28,1627700.0
2013-10-14,29.93,37.16,37.17,36.92,37.05,2888000.0
2013-10-15,29.68,36.85,37.4,36.85,37.4,1752600.0
2013-10-16,29.93,37.16,37.25,36.94,37.05,1444900.0
2013-10-17,30.53,37.91,38.01,37.01,37.12,1870600.0
2013-10-18,30.96,38.44,38.48,37.96,38.07,1537200.0
2013-10-21,31.15,38.68,38.73,38.44,38.44,1630400.0
2013-10-22,31.27,38.83,39.1,38.55,38.58,2554100.0
2013-10-23,30.84,38.29,38.5,36.95,38.24,3653900.0
2013-10-24,31.39,38.98,39.14,38.11,38.25,2775700.0
2013-10-25,31.44,39.04,39.26,38.83,38.93,1705700.0
2013-10-28,31.36,38.94,39.48,38.59,39.24,1484400.0
2013-10-29,31.81,39.5,39.51,39.07,39.24,1380500.0
2013-10-30,31.48,39.09,39.75,38.98,39.3,935500.0
2013-10-31,31.76,39.44,39.66,38.99,38.99,1433600.0
2013-11-01,32.16,39.94,40.06,39.59,39.79,1502900.0
2013-11-04,32.07,39.82,40.05,39.7,39.96,1134500.0
2013-11-05,31.79,39.48,39.78,39.46,39.55,1312300.0
2013-11-06,31.97,39.7,40.32,39.4,40.32,1709900.0
2013-11-07,31.5,39.11,39.86,38.99,39.64,1321500.0
2013-11-08,32.03,39.77,39.78,39.04,39.07,1044700.0
2013-11-11,31.94,39.66,40.1,39.52,39.8,1047700.0
2013-11-12,32.21,40.0,40.08,39.49,39.67,1472800.0
2013-11-13,32.37,40.19,40.23,39.6,39.68,2147600.0
2013-11-14,32.18,39.96,40.35,39.91,40.09,1846500.0
2013-11-15,32.49,40.34,40.34,39.77,39.98,1113300.0
2013-11-18,32.51,40.37,40.72,40.25,40.26,1106400.0
2013-11-19,32.78,40.7,40.92,40.41,40.42,1439300.0
2013-11-20,32.61,40.49,40.81,40.32,40.7,1362900.0
2013-11-21,32.54,40.21,40.44,39.76,40.34,1244300.0
2013-11-22,33.28,41.12,41.65,39.65,39.94,17867200.0
2013-11-25,33.97,41.97,42.3,41.49,41.49,5074100.0
2013-11-26,34.4,42.51,42.56,42.0,42.13,3536200.0
2013-11-27,34.74,42.93,42.97,42.13,42.36,1892800.0
2013-11-29,34.93,43.16,43.33,42.96,43.23,1394000.0
2013-12-02,34.61,42.76,43.45,42.6,42.98,5410100.0
2013-12-03,34.54,42.68,42.82,42.38,42.71,2360200.0
2013-12-04,34.68,42.85,42.92,42.42,42.46,2331800.0
2013-12-05,34.56,42.7,42.91,42.52,42.83,1467600.0
2013-12-06,35.25,43.55,43.69,43.07,43.22,2396800.0
2013-12-09,35.33,43.65,43.83,43.49,43.69,1893900.0
2013-12-10,35.15,43.43,43.77,43.3,43.46,1969600.0
2013-12-11,35.04,43.3,44.01,43.27,43.7,2364800.0
2013-12-12,34.77,42.96,43.35,42.69,43.14,1818100.0
2013-12-13,36.92,45.62,45.84,43.29,43.35,5582000.0
2013-12-16,36.92,45.62,45.81,44.98,44.98,3435000.0
2013-12-17,36.54,45.15,45.65,45.06,45.58,2353200.0
2013-12-18,36.53,45.14,45.65,44.68,45.45,3877500.0
2013-12-19,36.52,45.13,45.48,44.98,45.09,4704600.0
2013-12-20,36.7,45.35,45.38,45.1,45.15,4201900.0
2013-12-23,36.86,45.55,46.02,45.45,45.95,2543000.0
2013-12-24,36.94,45.64,45.74,45.5,45.5,541700.0
2013-12-26,37.17,45.93,46.06,45.76,45.82,999800.0
2013-12-27,36.99,45.7,46.04,45.59,46.04,925900.0
2013-12-30,36.97,45.68,45.9,45.6,45.79,3024100.0
2013-12-31,37.14,45.89,46.2,45.65,45.7,1297900.0
2014-01-02,36.48,45.08,45.9,44.88,45.8,1904100.0
2014-01-03,36.7,45.35,45.52,45.22,45.22,1150400.0
2014-01-06,36.62,45.25,45.6,45.07,45.59,1477500.0
2014-01-07,36.44,45.03,45.35,45.0,45.3,1622700.0
2014-01-08,36.31,44.87,45.06,44.66,45.03,2827400.0
2014-01-09,35.86,44.31,45.03,44.08,45.03,2565000.0
2014-01-10,35.7,44.11,44.59,43.95,44.57,3554200.0
2014-01-13,35.35,43.68,44.27,43.66,44.09,2237400.0
2014-01-14,35.91,44.37,44.41,43.76,43.89,1692800.0
2014-01-15,35.83,44.27,44.45,43.93,44.38,1719200.0
2014-01-16,35.7,44.11,45.19,44.05,44.85,3023500.0
2014-01-17,35.95,44.42,44.47,43.57,44.1,3823900.0
2014-01-21,36.43,45.02,45.04,44.56,44.67,2166500.0
2014-01-22,36.69,45.33,45.38,45.02,45.19,1572100.0
2014-01-23,36.43,45.01,45.19,44.83,44.96,2035000.0
2014-01-24,34.99,43.24,44.59,43.24,44.56,1907000.0
2014-01-27,34.61,42.76,43.31,42.09,43.24,3425100.0
2014-01-28,34.39,42.49,43.43,42.36,42.9,2528100.0
2014-01-29,34.14,42.19,42.34,41.92,42.19,2427000.0
2014-01-30,34.76,42.95,43.12,42.38,42.42,1726700.0
2014-01-31,34.23,42.29,42.61,42.09,42.2,2811000.0
2014-02-03,33.21,41.04,42.26,40.88,42.17,2935300.0
2014-02-04,34.08,42.11,42.18,40.96,41.57,2987600.0
2014-02-05,34.38,42.48,42.69,41.72,41.82,2651300.0
2014-02-06,35.2,43.49,43.54,42.72,42.74,2083500.0
2014-02-07,35.76,44.18,44.3,43.48,43.66,1607200.0
2014-02-10,36.52,45.13,45.14,43.71,44.59,3298600.0
2014-02-11,36.42,45.0,45.35,44.37,45.02,2843900.0
2014-02-12,36.94,45.64,45.7,45.09,45.11,2373500.0
2014-02-13,36.64,45.27,45.35,43.92,44.82,2791000.0
2014-02-14,36.77,45.43,45.6,45.05,45.22,1669200.0
2014-02-18,37.68,46.56,46.61,45.52,45.59,3270700.0
2014-02-19,37.54,46.38,47.0,46.31,46.51,1884000.0
2014-02-20,37.55,46.4,46.6,46.05,46.43,1241800.0
2014-02-21,37.48,46.31,46.65,46.1,46.38,1211400.0
2014-02-24,37.8,46.71,47.01,46.42,46.54,1571700.0
2014-02-25,37.33,46.13,46.98,46.02,46.79,1746200.0
2014-02-26,37.55,46.4,46.72,46.11,46.41,1997500.0
2014-02-27,37.89,46.82,46.93,46.39,46.43,1254300.0
2014-02-28,38.31,47.34,47.45,46.81,46.94,1814900.0
2014-03-03,37.62,46.49,47.22,46.14,47.1,2238200.0
2014-03-04,38.17,46.96,47.33,46.8,46.97,1315900.0
2014-03-05,37.59,46.25,46.91,46.15,46.23,14125400.0
2014-03-06,37.29,45.88,46.78,45.85,46.68,3705100.0
2014-03-07,37.62,46.28,46.63,45.78,46.13,3957200.0
2014-03-10,37.59,46.25,46.58,45.89,46.43,2022500.0
2014-03-11,37.54,46.19,46.39,45.81,46.25,2410700.0
2014-03-12,36.65,45.09,45.91,44.91,45.88,2254100.0
2014-03-13,35.88,44.14,45.37,43.82,45.32,2955100.0
2014-03-14,35.65,43.86,44.32,43.71,44.12,1861300.0
2014-03-17,35.7,43.92,44.29,43.84,44.01,2045500.0
2014-03-18,36.23,44.58,44.84,43.92,43.97,1698800.0
2014-03-19,35.96,44.24,44.69,43.87,44.5,2032600.0
2014-03-20,35.62,43.82,44.43,43.74,44.29,1720800.0
2014-03-21,35.83,44.08,44.17,43.75,44.17,4755800.0
2014-03-24,36.04,44.34,44.57,43.98,44.27,2474700.0
2014-03-25,35.89,44.15,44.57,44.09,44.55,2447400.0
2014-03-26,35.69,43.91,44.5,43.88,44.17,1271100.0
2014-03-27,35.86,44.12,44.48,43.89,43.89,1885600.0
2014-03-28,35.97,44.26,44.54,44.03,44.53,949300.0
2014-03-31,36.28,44.63,44.67,44.21,44.36,1296000.0
2014-04-01,36.73,45.19,45.21,44.63,44.63,1586300.0
2014-04-02,36.94,45.45,45.54,45.0,45.16,1375400.0
2014-04-03,36.83,45.31,45.57,45.0,45.3,1071300.0
2014-04-04,36.16,44.49,45.53,44.19,45.53,2092400.0
2014-04-07,35.11,43.2,44.35,43.1,44.27,2496600.0
2014-04-08,35.18,43.28,43.6,43.01,43.25,2042200.0
2014-04-09,35.86,44.12,44.14,43.27,43.49,1076300.0
2014-04-10,35.28,43.4,44.22,43.33,44.14,1427800.0
2014-04-11,34.69,42.68,43.24,42.54,42.8,1553100.0
2014-04-14,35.16,43.26,43.52,42.78,43.08,979900.0
2014-04-15,35.41,43.57,43.6,42.88,43.33,1265300.0
2014-04-16,35.9,44.17,44.26,43.53,43.8,900300.0
2014-04-17,36.44,44.83,44.89,44.04,44.08,1108100.0
2014-04-21,36.41,44.79,44.81,44.37,44.76,795800.0
2014-04-22,36.66,45.1,45.27,44.68,44.79,1268100.0
2014-04-23,36.69,45.14,45.38,44.92,45.09,1198400.0
2014-04-24,37.44,46.06,46.15,45.0,45.25,3080500.0
2014-04-25,37.38,45.99,46.25,45.78,46.25,1404300.0
2014-04-28,37.87,46.59,46.82,45.68,46.15,2341000.0
2014-04-29,38.19,46.99,47.48,46.52,46.6,3479700.0
2014-04-30,38.16,46.95,47.15,46.81,47.04,2423800.0
2014-05-01,38.35,47.18,47.5,46.86,47.01,2181200.0
2014-05-02,38.19,46.99,47.32,46.96,47.19,1246300.0
2014-05-05,38.29,47.11,47.15,46.54,46.81,857400.0
2014-05-06,38.28,47.1,47.38,46.86,46.99,1006200.0
2014-05-07,38.31,47.13,47.37,46.66,47.26,3528900.0
2014-05-08,38.02,46.78,47.35,46.6,47.01,910700.0
2014-05-09,38.08,46.85,47.27,46.71,46.76,1496400.0
2014-05-12,38.38,47.22,47.39,46.9,47.0,1290600.0
2014-05-13,38.49,47.36,47.53,47.02,47.11,1347900.0
2014-05-14,38.48,47.34,48.06,47.2,47.54,2276700.0
2014-05-15,37.75,46.44,47.25,45.86,47.17,1708800.0
2014-05-16,37.93,46.66,46.68,45.88,46.33,1024900.0
2014-05-19,38.43,47.28,47.39,46.53,46.65,1501200.0
2014-05-20,38.22,47.02,47.32,46.82,47.26,1300900.0
2014-05-21,38.58,47.47,47.5,47.01,47.08,745300.0
2014-05-22,38.84,47.78,47.89,47.32,47.54,1156600.0
2014-05-23,38.67,47.58,47.96,47.58,47.78,1572600.0
2014-05-27,39.04,48.03,48.14,47.72,47.82,1157900.0
2014-05-28,38.76,47.69,48.38,47.68,48.13,871000.0
2014-05-29,39.1,48.1,48.13,47.7,47.71,961200.0
2014-05-30,39.23,48.26,48.37,47.57,47.92,2105600.0
2014-06-02,38.95,47.92,48.51,47.85,48.43,1448100.0
2014-06-03,38.44,47.05,47.49,46.94,47.4,8294400.0
2014-06-04,38.59,47.23,47.29,47.09,47.14,2470400.0
2014-06-05,38.73,47.4,47.49,47.22,47.29,1778100.0
2014-06-06,38.96,47.68,48.04,47.5,47.57,1749000.0
2014-06-09,38.88,47.59,47.94,47.51,47.68,1926000.0
2014-06-10,38.68,47.34,47.57,47.14,47.51,1560900.0
2014-06-11,38.57,47.2,47.34,47.08,47.23,1523100.0
2014-06-12,38.18,46.73,47.32,46.59,47.15,1586200.0
2014-06-13,37.9,46.39,46.93,46.3,46.89,1584300.0
2014-06-16,37.88,46.36,46.56,46.22,46.4,1666700.0
2014-06-17,38.34,46.92,47.26,46.32,46.34,2595400.0
2014-06-18,38.67,47.33,47.37,46.83,46.97,1867300.0
2014-06-19,38.83,47.52,47.71,47.21,47.27,2035400.0
2014-06-20,39.38,48.2,48.24,47.7,47.7,3747800.0
2014-06-23,39.46,48.3,48.46,47.37,48.17,1669300.0
2014-06-24,39.46,48.3,48.55,48.0,48.03,2042600.0
2014-06-25,39.41,48.23,48.59,48.1,48.15,1070900.0
2014-06-26,39.45,48.28,48.43,47.8,48.18,1238600.0
2014-06-27,39.56,48.42,48.67,48.21,48.21,4487700.0
2014-06-30,39.55,48.41,48.61,48.15,48.46,1858400.0
2014-07-01,40.17,49.17,49.44,48.49,48.64,2284400.0
2014-07-02,40.23,49.24,49.38,47.98,48.26,1548900.0
2014-07-03,40.45,49.51,49.61,49.32,49.32,935200.0
2014-07-07,40.32,49.35,49.54,49.23,49.33,2039600.0
2014-07-08,39.82,48.73,49.28,48.6,49.26,1167400.0
2014-07-09,39.93,48.87,48.93,48.64,48.85,1074200.0
2014-07-10,39.59,48.46,48.56,48.13,48.29,958100.0
2014-07-11,39.73,48.63,48.7,48.21,48.49,777400.0
2014-07-14,39.77,48.67,48.99,48.53,48.99,890100.0
2014-07-15,39.65,48.53,48.81,48.12,48.54,1208500.0
2014-07-16,39.63,48.5,48.89,48.36,48.7,1024500.0
2014-07-17,39.03,47.77,48.6,47.72,48.33,1223800.0
2014-07-18,39.24,48.03,48.15,47.61,47.86,1151100.0
2014-07-21,39.15,47.91,48.1,47.63,48.03,833300.0
2014-07-22,39.27,48.06,48.4,48.0,48.25,998900.0
2014-07-23,39.49,48.33,48.59,47.91,48.13,1464000.0
2014-07-24,39.54,48.39,48.69,48.34,48.44,1125800.0
2014-07-25,39.39,48.21,48.48,47.84,48.27,1021600.0
2014-07-28,39.85,48.77,48.81,47.51,47.79,2879800.0
2014-07-29,38.59,47.23,48.73,46.24,48.73,4405000.0
2014-07-30,38.71,47.38,47.53,47.0,47.23,2387900.0
2014-07-31,37.67,46.11,47.12,45.84,46.95,2104300.0
2014-08-01,37.89,46.37,46.61,45.97,46.27,2095300.0
2014-08-04,38.31,46.89,46.9,46.26,46.44,1652100.0
2014-08-05,38.39,46.99,47.26,46.5,46.72,2073900.0
2014-08-06,37.96,46.46,46.76,46.37,46.69,1534000.0
2014-08-07,37.86,46.34,46.78,46.23,46.57,1239800.0
2014-08-08,38.57,47.2,47.31,46.4,46.46,1149000.0
2014-08-11,38.73,47.4,47.52,47.08,47.31,1083800.0
2014-08-12,38.68,47.34,47.72,47.09,47.44,805500.0
2014-08-13,38.89,47.6,47.77,47.3,47.57,1016500.0
2014-08-14,39.1,47.85,47.98,47.61,47.71,1205500.0
2014-08-15,38.84,47.54,48.17,47.31,48.0,1322700.0
2014-08-18,39.33,48.13,48.2,47.61,47.69,1433100.0
2014-08-19,39.31,48.11,48.5,48.05,48.18,712900.0
2014-08-20,39.93,48.87,48.94,47.99,48.19,1112700.0
2014-08-21,39.44,48.27,48.78,48.24,48.78,803300.0
2014-08-22,38.76,47.44,48.24,47.38,48.09,1378000.0
2014-08-25,38.7,47.36,47.62,47.06,47.6,1252700.0
2014-08-26,38.52,46.89,47.31,46.85,47.24,1291100.0
2014-08-27,38.41,46.76,47.1,46.64,46.84,1087500.0
2014-08-28,38.38,46.72,46.96,46.54,46.69,935800.0
2014-08-29,38.6,46.99,47.02,46.58,46.86,960300.0
2014-09-02,38.39,46.74,47.17,46.55,46.99,1232500.0
2014-09-03,38.14,46.43,47.06,46.15,46.88,1339200.0
2014-09-04,37.89,46.13,46.99,46.02,46.54,1830900.0
2014-09-05,38.37,46.71,46.86,45.98,46.24,1360500.0
2014-09-08,38.33,46.67,46.87,46.47,46.65,833800.0
2014-09-09,37.84,46.07,46.68,46.0,46.68,937900.0
2014-09-10,37.6,45.77,46.19,45.57,46.19,910400.0
2014-09-11,37.49,45.64,46.16,45.47,45.63,1679300.0
2014-09-12,37.0,45.05,45.73,44.91,45.65,1429000.0
2014-09-15,36.47,44.4,45.18,44.39,45.15,1920900.0
2014-09-16,36.73,44.72,44.83,44.2,44.51,2074300.0
2014-09-17,36.56,44.51,45.06,44.29,44.87,1886200.0
2014-09-18,36.54,44.49,44.91,43.94,44.55,2973600.0
2014-09-19,37.05,45.11,45.46,44.65,45.11,4380300.0
2014-09-22,36.76,44.75,45.04,44.23,44.99,2786400.0
2014-09-23,36.55,44.5,45.23,44.48,44.77,2187400.0
2014-09-24,36.49,44.43,44.72,44.14,44.36,2208900.0
2014-09-25,36.05,43.89,44.55,43.89,44.37,2939700.0
2014-09-26,36.67,44.64,44.69,43.91,43.99,1210800.0
2014-09-29,36.72,44.7,44.73,44.1,44.22,1209400.0
2014-09-30,36.41,44.33,44.92,44.19,44.7,1872500.0
2014-10-01,36.0,43.83,44.38,43.73,44.33,1886200.0
2014-10-02,35.91,43.72,44.1,43.44,43.78,2643100.0
2014-10-03,35.7,43.46,44.02,43.45,43.95,2872000.0
2014-10-06,35.25,42.92,43.63,42.89,43.54,2509500.0
2014-10-07,34.29,41.75,42.59,41.73,42.53,3506000.0
2014-10-08,35.33,43.01,43.04,41.43,41.88,3288600.0
2014-10-09,33.92,41.29,43.0,40.79,42.99,6326100.0
2014-10-10,34.25,41.7,42.69,41.59,41.66,4788900.0
2014-10-13,34.38,41.85,42.15,41.34,41.98,4261500.0
2014-10-14,34.6,42.12,43.1,42.03,43.01,4010300.0
2014-10-15,34.35,41.82,42.28,40.82,41.39,3529800.0
2014-10-16,34.16,41.59,41.96,40.92,41.12,2043500.0
2014-10-17,34.52,42.03,42.55,41.76,42.01,1892400.0
2014-10-20,34.62,42.15,42.25,41.71,41.85,1844200.0
2014-10-21,35.46,43.17,43.74,42.34,42.42,3328300.0
2014-10-22,35.07,42.7,43.34,42.64,43.2,3033300.0
2014-10-23,34.35,41.82,42.74,40.56,40.56,5180100.0
2014-10-24,34.75,42.3,42.89,41.87,41.98,3825200.0
2014-10-27,34.65,42.18,42.76,41.98,42.24,2818100.0
2014-10-28,34.54,42.05,42.42,41.8,42.36,2432700.0
2014-10-29,34.43,41.92,42.19,41.64,41.94,3438700.0
2014-10-30,34.01,41.4,41.55,40.88,40.88,7365600.0
2014-10-31,34.9,42.49,42.77,41.75,41.9,4794900.0
2014-11-03,34.65,42.19,42.79,42.1,42.6,1802900.0
2014-11-04,34.37,41.84,42.1,41.23,42.1,2283700.0
2014-11-05,34.73,42.28,42.55,41.93,42.06,2615600.0
2014-11-06,35.6,43.34,43.5,42.19,42.34,3709900.0
2014-11-07,35.6,43.34,43.73,43.15,43.32,1949800.0
2014-11-10,35.34,43.02,43.38,42.89,43.25,1693600.0
2014-11-11,35.31,42.99,43.09,42.54,42.98,1291900.0
2014-11-12,35.38,43.07,43.34,42.75,42.97,2467400.0
2014-11-13,34.83,42.4,43.21,42.28,43.21,2069700.0
2014-11-14,34.19,41.63,42.46,41.48,42.27,2794100.0
2014-11-17,34.13,41.55,41.71,41.33,41.58,2745800.0
2014-11-18,34.34,41.81,41.95,41.41,41.41,2227000.0
2014-11-19,34.24,41.68,42.03,41.61,41.77,2424200.0
2014-11-20,33.9,41.27,41.75,41.22,41.7,2856500.0
2014-11-21,34.01,41.16,41.81,41.08,41.41,2668700.0
2014-11-24,34.01,41.16,41.36,40.81,41.31,3493700.0
2014-11-25,34.01,41.16,41.34,40.95,41.19,5028300.0
2014-11-26,34.47,41.71,41.74,41.08,41.21,3000100.0
2014-11-28,34.52,41.77,41.95,41.42,41.71,2706600.0
2014-12-01,34.92,42.26,42.37,41.6,41.72,4390000.0
2014-12-02,34.49,41.74,42.26,41.33,42.16,3493100.0
2014-12-03,36.16,43.76,43.82,42.16,42.69,4520000.0
2014-12-04,35.38,42.81,43.53,42.72,43.44,2629600.0
2014-12-05,35.97,43.53,43.81,42.73,42.73,3450600.0
2014-12-08,36.15,43.74,44.05,43.17,43.49,4182200.0
2014-12-09,37.33,45.17,45.44,43.61,43.75,6019400.0
2014-12-10,36.17,43.77,45.57,43.72,45.18,4411500.0
2014-12-11,35.58,43.06,43.25,42.51,42.73,8502400.0
2014-12-12,35.82,43.35,43.74,42.75,43.19,6334200.0
2014-12-15,35.87,43.41,43.95,43.14,43.67,5024600.0
2014-12-16,35.94,43.49,43.89,43.27,43.48,4987200.0
2014-12-17,36.2,43.8,44.02,43.44,43.73,4521700.0
2014-12-18,36.79,44.52,44.62,44.13,44.52,5078800.0
2014-12-19,36.58,44.27,44.93,44.0,44.54,8554900.0
2014-12-22,36.87,44.61,44.7,44.14,44.17,2667100.0
2014-12-23,37.35,45.19,45.72,44.64,44.75,2342100.0
2014-12-24,37.52,45.4,45.56,45.19,45.19,868400.0
2014-12-26,37.79,45.73,45.89,45.45,45.45,3170300.0
2014-12-29,37.59,45.49,45.79,45.44,45.55,2754600.0
2014-12-30,37.43,45.29,45.52,45.02,45.27,2158100.0
2014-12-31,36.97,44.73,45.47,44.7,45.26,1877600.0
2015-01-02,37.04,44.82,45.11,44.46,45.04,1435300.0
2015-01-05,36.02,43.59,44.58,43.48,44.47,2155800.0
2015-01-06,35.25,42.65,43.22,42.31,42.5,3367600.0
2015-01-07,35.36,42.79,43.02,42.39,42.92,3319000.0
2015-01-08,35.76,43.27,43.63,43.0,43.05,2344800.0
2015-01-09,35.3,42.72,43.47,42.65,43.38,1939100.0
2015-01-12,35.37,42.8,42.99,42.25,42.74,1610100.0
2015-01-13,35.53,42.99,43.61,42.49,43.12,1749300.0
2015-01-14,35.37,42.8,42.83,42.29,42.52,1566700.0
2015-01-15,34.87,42.2,43.11,42.19,42.91,5863700.0
2015-01-16,35.29,42.7,42.75,41.92,42.05,3234900.0
2015-01-20,35.79,43.31,43.41,42.72,43.05,2120500.0
2015-01-21,36.25,43.86,43.97,42.99,43.12,3564400.0
2015-01-22,37.3,45.13,45.25,43.86,44.16,3678500.0
2015-01-23,37.07,44.86,45.25,44.7,44.89,2113600.0
2015-01-26,36.94,44.7,44.81,44.46,44.71,1751500.0
2015-01-27,36.5,44.17,44.66,44.07,44.26,1555700.0
2015-01-28,36.2,43.8,44.43,43.71,44.38,1978900.0
2015-01-29,36.64,44.34,44.56,43.7,43.75,3002600.0
2015-01-30,36.0,43.56,44.34,43.5,44.03,3574800.0
2015-02-02,36.13,43.72,43.81,42.93,43.59,2645800.0
2015-02-03,36.49,44.15,44.46,43.76,43.8,3424100.0
2015-02-04,36.16,43.75,44.16,43.43,43.87,3014500.0
2015-02-05,36.35,43.98,44.17,43.7,43.97,1863500.0
2015-02-06,35.93,43.48,44.04,43.26,43.81,2268500.0
2015-02-09,35.89,43.43,43.74,43.08,43.12,1593600.0
2015-02-10,36.25,43.87,43.99,43.59,43.68,1628400.0
2015-02-11,36.12,43.71,43.89,43.32,43.8,2010300.0
2015-02-12,36.01,43.57,44.25,43.16,43.21,3931700.0
2015-02-13,37.68,45.59,45.85,43.45,43.53,4698700.0
2015-02-17,37.3,45.13,45.5,44.76,45.5,2017700.0
2015-02-18,37.76,45.69,45.71,44.81,45.09,2074300.0
2015-02-19,37.64,45.55,45.69,45.22,45.65,1384400.0
2015-02-20,37.42,45.28,45.62,44.97,45.6,1906000.0
2015-02-23,37.71,45.63,46.08,45.29,45.31,1860600.0
2015-02-24,38.13,46.14,46.26,45.6,45.63,1831600.0
2015-02-25,38.41,46.48,46.58,46.01,46.2,2037200.0
2015-02-26,37.84,45.79,46.71,45.75,46.46,2351300.0
2015-02-27,37.36,45.21,45.86,45.05,45.71,2685900.0
2015-03-02,37.15,44.95,45.1,44.45,44.75,4534400.0
2015-03-03,37.25,44.83,45.17,44.39,44.59,2168600.0
2015-03-04,37.12,44.67,45.07,44.48,44.56,4791000.0
2015-03-05,37.22,44.79,44.97,44.59,44.83,2267900.0
2015-03-06,36.65,44.1,44.92,43.86,44.56,1877100.0
2015-03-09,36.69,44.15,44.44,44.04,44.04,1472500.0
2015-03-10,35.89,43.19,43.94,43.1,43.81,2087900.0
2015-03-11,35.46,42.67,43.27,42.6,43.12,2046900.0
2015-03-12,35.88,43.17,43.21,42.23,42.76,7243900.0
2015-03-13,35.39,42.59,43.27,42.36,43.16,4510100.0
2015-03-16,35.92,43.22,43.49,42.78,42.88,2003300.0
2015-03-17,35.82,43.1,43.28,42.75,42.97,1753500.0
2015-03-18,36.27,43.64,43.78,42.85,43.14,2282400.0
2015-03-19,36.07,43.4,43.83,43.27,43.55,1626700.0
2015-03-20,36.47,43.88,44.02,43.55,43.64,4083600.0
2015-03-23,36.27,43.65,44.03,43.65,43.98,1859500.0
2015-03-24,35.96,43.27,43.68,43.25,43.57,1857400.0
2015-03-25,35.79,43.07,44.19,43.07,43.4,3814400.0
2015-03-26,35.76,43.03,43.32,42.86,42.92,2026500.0
2015-03-27,36.01,43.33,43.5,42.92,43.0,1775500.0
2015-03-30,37.22,44.79,44.98,43.5,43.5,3639400.0
2015-03-31,37.04,44.57,44.98,44.42,44.7,2995100.0
2015-04-01,37.36,44.96,45.1,44.11,44.5,2921700.0
2015-04-02,37.84,45.53,45.65,44.76,44.96,2053100.0
2015-04-06,38.15,45.91,46.06,45.11,45.26,1950100.0
2015-04-07,37.96,45.68,46.15,45.63,45.84,2119100.0
2015-04-08,37.9,45.61,45.92,45.35,45.65,2059900.0
2015-04-09,38.08,45.82,46.09,45.48,45.67,2421600.0
2015-04-10,38.24,46.01,46.14,45.71,45.82,1028800.0
2015-04-13,37.81,45.5,45.92,45.05,45.05,2060400.0
2015-04-14,38.23,46.0,46.06,45.29,45.3,2579500.0
2015-04-15,37.75,45.42,46.16,45.29,46.02,2842200.0
2015-04-16,37.34,44.93,45.3,44.88,45.28,1866100.0
2015-04-17,36.74,44.21,44.75,44.16,44.64,1801400.0
2015-04-20,37.44,45.05,45.2,44.34,44.34,2052200.0
2015-04-21,38.09,45.83,46.18,45.14,45.14,3830900.0
2015-04-22,38.31,46.1,46.12,44.63,44.84,6603900.0
2015-04-23,38.48,46.31,46.64,46.03,46.15,4127500.0
2015-04-24,38.19,45.95,46.07,45.36,45.38,11275900.0
2015-04-27,37.83,45.52,46.33,45.47,46.06,3486400.0
2015-04-28,37.97,45.69,45.8,45.33,45.45,2580600.0
2015-04-29,37.75,45.42,45.67,45.21,45.58,1328000.0
2015-04-30,37.35,44.94,45.71,44.87,45.38,3039300.0
2015-05-01,37.26,44.84,45.46,44.63,45.01,2548500.0
2015-05-04,38.04,45.77,46.07,45.15,45.15,4554600.0
2015-05-05,37.48,45.1,45.95,45.06,45.57,6216500.0
2015-05-06,37.18,44.74,45.39,44.54,45.13,3445600.0
2015-05-07,37.39,44.99,45.26,44.58,44.82,3014400.0
2015-05-08,37.6,45.24,45.98,44.9,45.45,11604300.0
2015-05-11,37.32,44.91,45.35,44.88,45.17,2890900.0
2015-05-12,36.94,44.45,44.78,44.32,44.67,1780600.0
2015-05-13,36.85,44.34,44.64,44.33,44.48,2797300.0
2015-05-14,37.43,45.04,45.12,44.69,44.75,2299000.0
2015-05-15,37.87,45.57,45.61,45.01,45.06,3245400.0
2015-05-18,38.16,45.92,45.97,45.42,45.51,1621500.0
2015-05-19,37.95,45.67,46.11,45.52,45.87,2410500.0
2015-05-20,38.04,45.78,45.99,45.51,45.67,1863900.0
2015-05-21,38.01,45.74,45.96,45.61,45.61,2316300.0
2015-05-22,38.09,45.84,45.99,45.68,45.71,1061000.0
2015-05-26,37.66,45.32,45.9,45.17,45.8,1910300.0
2015-05-27,37.8,45.48,45.53,45.06,45.33,1236800.0
2015-05-28,37.48,45.1,45.5,44.84,45.34,1295300.0
2015-05-29,37.39,44.99,45.26,44.71,45.13,2076300.0
2015-06-01,37.25,44.83,45.25,44.8,45.18,1554300.0
2015-06-02,37.4,44.72,44.76,44.3,44.31,1687700.0
2015-06-03,37.92,45.35,45.55,44.67,44.76,1882500.0
2015-06-04,37.56,44.92,45.49,44.85,45.08,1955000.0
2015-06-05,37.43,44.76,44.95,44.45,44.85,1236000.0
2015-06-08,37.05,44.3,44.73,44.29,44.67,1362700.0
2015-06-09,37.22,44.51,44.69,44.26,44.3,1380400.0
2015-06-10,37.82,45.22,45.3,44.56,44.62,978400.0
2015-06-11,37.68,45.06,45.13,44.87,45.0,3091200.0
2015-06-12,37.58,44.94,45.08,44.81,44.9,1051700.0
2015-06-15,37.43,44.76,44.86,44.46,44.59,2076100.0
2015-06-16,37.48,44.82,44.98,44.48,44.79,1880900.0
2015-06-17,37.65,45.02,45.27,44.77,44.94,1659000.0
2015-06-18,38.15,45.62,45.8,45.03,45.14,2951000.0
2015-06-19,38.08,45.54,45.71,45.27,45.47,3387600.0
2015-06-22,38.38,45.9,46.17,45.61,45.76,2349700.0
2015-06-23,38.23,45.72,46.05,45.59,45.85,1648000.0
2015-06-24,38.14,45.61,46.04,45.46,45.81,2204900.0
2015-06-25,38.11,45.57,45.83,45.52,45.65,1777100.0
2015-06-26,38.65,46.22,46.85,45.6,45.73,8506400.0
2015-06-29,37.41,44.73,46.0,44.69,45.83,2339700.0
2015-06-30,37.44,44.77,45.13,44.61,45.07,2081200.0
2015-07-01,37.73,45.12,45.71,44.94,45.41,1842800.0
2015-07-02,37.62,44.99,45.39,44.67,45.3,1575100.0
2015-07-06,37.46,44.8,45.13,44.61,44.62,1308000.0
2015-07-07,37.6,44.96,44.98,44.31,44.88,1722400.0
2015-07-08,36.93,44.16,44.8,43.95,44.65,1835500.0
2015-07-09,37.18,44.46,44.79,44.46,44.69,1928600.0
2015-07-10,37.86,45.27,45.36,44.85,45.0,1636500.0
2015-07-13,38.29,45.79,45.88,45.48,45.7,1504000.0
2015-07-14,38.13,45.6,45.96,45.58,45.96,1475900.0
2015-07-15,38.1,45.56,45.66,45.36,45.57,1304500.0
2015-07-16,38.31,45.81,45.95,45.56,45.74,1024800.0
2015-07-17,38.07,45.52,45.95,45.43,45.95,1683800.0
2015-07-20,38.16,45.63,45.77,45.4,45.4,1632100.0
2015-07-21,37.91,45.33,45.65,45.19,45.6,991500.0
2015-07-22,37.89,45.31,45.66,45.17,45.26,1062100.0
2015-07-23,37.9,45.32,45.36,44.97,45.25,1255700.0
2015-07-24,37.77,45.17,45.52,45.08,45.37,1553400.0
2015-07-27,37.46,44.8,45.15,44.41,44.79,2635400.0
2015-07-28,39.45,47.18,47.39,45.78,46.15,3306000.0
2015-07-29,40.41,48.32,48.52,47.38,47.38,3309700.0
2015-07-30,41.03,49.06,49.28,47.83,48.02,5419500.0
2015-07-31,40.52,48.46,49.37,48.38,49.28,2683300.0
2015-08-03,40.1,47.95,48.41,47.64,48.3,3246200.0
2015-08-04,40.1,47.95,48.11,47.73,48.08,1786200.0
2015-08-05,40.18,48.05,48.14,47.58,47.99,2720600.0
2015-08-06,38.93,46.55,47.94,46.1,47.85,4707800.0
2015-08-07,38.84,46.45,46.7,46.19,46.34,3058900.0
2015-08-10,40.14,48.0,48.25,47.14,47.14,3488200.0
2015-08-11,40.03,47.87,47.91,47.41,47.54,1604500.0
2015-08-12,40.0,47.83,47.87,47.07,47.32,1853500.0
2015-08-13,40.23,48.11,48.33,47.3,47.45,1987400.0
2015-08-14,40.57,48.51,48.62,48.03,48.12,956000.0
2015-08-17,40.44,48.36,48.42,48.08,48.34,995300.0
2015-08-18,40.43,48.35,48.38,48.0,48.35,1375700.0
2015-08-19,40.32,48.22,48.54,47.77,48.07,1329300.0
2015-08-20,39.66,47.43,48.05,47.3,47.75,2676600.0
2015-08-21,38.4,45.92,47.22,45.88,46.9,3012400.0
2015-08-24,36.5,43.65,44.65,43.29,43.56,3828800.0
2015-08-25,36.02,42.8,44.91,42.76,44.91,4793800.0
2015-08-26,37.23,44.23,44.28,42.8,44.13,3114900.0
2015-08-27,38.17,45.35,45.7,44.42,44.66,2403500.0
2015-08-28,38.09,45.26,45.43,44.9,45.18,1312800.0
2015-08-31,38.07,45.23,45.58,44.65,45.01,1479100.0
2015-09-01,36.67,43.57,45.06,43.3,44.2,3529600.0
2015-09-02,38.19,45.37,45.38,44.2,44.33,3423700.0
2015-09-03,38.3,45.51,46.37,45.24,45.47,1958700.0
2015-09-04,37.84,44.96,45.43,44.5,44.61,1871000.0
2015-09-08,38.93,46.25,46.4,45.54,45.79,1698600.0
2015-09-09,38.91,46.23,46.94,46.15,46.91,1710300.0
2015-09-10,38.83,46.13,46.61,45.93,46.28,1423400.0
2015-09-11,38.61,45.88,46.06,45.38,45.97,1450200.0
2015-09-14,38.45,45.69,46.05,45.33,45.8,994400.0
2015-09-15,39.18,46.55,46.74,45.87,45.92,1058900.0
2015-09-16,39.76,47.24,47.41,46.71,46.77,1969200.0
2015-09-17,39.71,47.18,47.86,46.9,47.18,1543500.0
2015-09-18,39.34,46.74,47.61,46.45,46.65,3305300.0
2015-09-21,40.02,47.55,47.67,46.46,46.84,1635100.0
2015-09-22,39.65,47.11,47.44,46.83,47.0,2038100.0
2015-09-23,39.77,47.25,47.41,46.92,47.08,1426500.0
2015-09-24,39.7,47.17,47.22,46.74,46.79,2664400.0
2015-09-25,39.35,46.75,47.46,46.3,47.37,3232400.0
2015-09-28,38.32,45.53,46.74,45.26,46.34,3002300.0
2015-09-29,38.08,45.24,45.72,44.72,45.46,2734000.0
2015-09-30,37.43,44.47,45.58,43.85,44.17,6014400.0
2015-10-01,37.79,44.9,45.39,44.27,44.41,3906500.0
2015-10-02,38.5,45.74,45.77,44.13,44.21,3257700.0
2015-10-05,38.99,46.33,46.48,45.93,45.98,2199000.0
2015-10-06,38.97,46.3,46.54,46.15,46.19,1494200.0
2015-10-07,39.28,46.67,47.21,46.43,46.82,2586800.0
2015-10-08,39.24,46.62,46.81,46.27,46.56,2871000.0
2015-10-09,39.14,46.5,46.8,46.42,46.6,2396100.0
2015-10-12,39.55,46.99,47.14,46.43,46.45,1228600.0
2015-10-13,39.51,46.94,47.14,46.53,46.69,1250900.0
2015-10-14,39.41,46.82,47.51,46.75,46.99,1669700.0
2015-10-15,40.16,47.72,47.77,46.92,46.93,1778800.0
2015-10-16,40.18,47.74,48.09,47.61,47.81,1679500.0
2015-10-19,40.55,48.18,48.18,47.68,47.72,2021400.0
2015-10-20,40.85,48.53,48.78,48.11,48.11,3751600.0
2015-10-21,38.59,45.85,47.38,44.97,47.38,4080300.0
2015-10-22,39.91,47.42,47.94,46.21,46.24,3523600.0
2015-10-23,40.63,48.27,48.45,47.53,47.75,1679300.0
2015-10-26,40.72,48.38,48.61,47.86,48.16,1665200.0
2015-10-27,40.21,47.77,48.11,47.41,48.01,969500.0
2015-10-28,40.69,48.35,48.6,47.65,47.95,1529800.0
2015-10-29,40.36,47.95,48.45,47.72,48.03,1519800.0
2015-10-30,39.99,47.51,48.23,47.31,47.78,2010600.0
2015-11-02,40.16,47.72,47.92,46.79,47.29,2535500.0
2015-11-03,40.23,47.8,47.85,47.41,47.67,1508600.0
2015-11-04,40.05,47.59,47.93,47.4,47.75,1571600.0
2015-11-05,40.26,47.84,47.85,47.11,47.49,1445800.0
2015-11-06,40.44,48.05,48.39,47.52,47.74,1860700.0
2015-11-09,40.29,47.87,48.05,47.64,47.73,1136700.0
2015-11-10,39.97,47.49,48.0,47.31,47.66,1269900.0
2015-11-11,40.0,47.52,47.8,47.34,47.71,1085400.0
2015-11-12,39.71,47.18,47.63,47.05,47.05,957700.0
2015-11-13,39.09,46.45,47.34,46.35,47.12,989600.0
2015-11-16,39.41,46.83,46.85,46.05,46.32,2107100.0
2015-11-17,39.25,46.64,47.0,46.51,46.8,1717300.0
2015-11-18,40.3,47.88,47.99,46.71,47.08,2097500.0
2015-11-19,40.12,47.67,47.96,47.45,47.94,1073500.0
2015-11-20,40.39,47.71,47.96,47.37,47.96,1044900.0
2015-11-23,40.01,47.26,47.73,47.22,47.71,1313200.0
2015-11-24,39.73,46.93,47.17,46.49,46.92,2048500.0
2015-11-25,39.59,46.76,47.04,46.64,46.67,2353800.0
2015-11-27,39.88,47.1,47.12,46.33,46.61,489600.0
2015-11-30,39.52,46.68,47.28,46.63,47.12,1594300.0
2015-12-01,40.18,47.46,47.49,46.66,46.93,1609200.0
2015-12-02,39.49,46.64,47.5,46.46,47.5,1933100.0
2015-12-03,38.67,45.67,47.08,45.4,47.08,2598500.0
2015-12-04,39.7,46.89,46.97,45.63,45.8,2639400.0
2015-12-07,39.52,46.68,46.91,46.15,46.66,1722700.0
2015-12-08,38.61,45.61,46.39,45.44,46.19,2599700.0
2015-12-09,38.17,45.09,46.19,44.89,45.54,3354200.0
2015-12-10,38.69,45.7,46.05,44.83,45.0,2112800.0
2015-12-11,38.49,45.46,46.78,45.19,45.54,4850100.0
2015-12-14,37.91,44.78,45.48,44.24,45.44,3164100.0
2015-12-15,39.01,46.08,46.2,45.05,45.17,2229600.0
2015-12-16,39.77,46.98,47.01,46.12,46.29,1901000.0
2015-12-17,39.16,46.25,47.16,46.22,47.01,3510900.0
2015-12-18,38.64,45.64,46.16,45.64,46.16,2982900.0
2015-12-21,39.1,46.18,46.28,45.63,46.1,1580500.0
2015-12-22,39.16,46.26,46.65,45.94,46.56,1577900.0
2015-12-23,39.44,46.59,46.88,46.34,46.62,1830300.0
2015-12-24,39.34,46.47,46.7,46.26,46.42,543500.0
2015-12-28,39.76,46.96,47.03,46.28,46.28,1400800.0
2015-12-29,40.08,47.34,47.45,47.06,47.25,1355700.0
2015-12-30,39.83,47.04,47.45,47.01,47.3,1038800.0
2015-12-31,39.45,46.6,47.0,46.49,46.84,1245000.0
2016-01-04,38.67,45.67,45.93,45.17,45.77,2854500.0
2016-01-05,39.28,46.4,46.57,45.57,45.68,2402300.0
2016-01-06,39.05,46.13,46.39,45.82,46.0,1936700.0
2016-01-07,38.22,45.14,45.88,45.03,45.28,6471700.0
2016-01-08,37.53,44.33,45.63,44.28,45.49,6200400.0
2016-01-11,38.09,44.99,45.27,44.45,44.51,3385500.0
2016-01-12,38.34,45.29,45.62,44.74,45.27,1956000.0
2016-01-13,37.78,44.62,45.68,44.58,45.43,2417800.0
2016-01-14,38.69,45.7,45.99,44.31,44.75,3528600.0
2016-01-15,37.84,44.69,45.39,44.16,44.27,3204200.0
2016-01-18,,,,,,
2016-01-19,38.11,45.02,45.5,44.61,45.14,2436000.0
2016-01-20,37.2,43.94,44.78,42.9,44.41,3789000.0
2016-01-21,37.16,43.89,44.4,43.42,43.97,3562800.0
2016-01-22,38.36,45.31,45.34,44.31,44.65,3454800.0
2016-01-25,37.87,44.73,46.57,44.64,45.36,1712800.0
2016-01-26,38.58,45.57,45.7,44.73,44.8,2514500.0
2016-01-27,38.87,45.91,46.65,45.47,45.65,3198700.0
2016-01-28,39.67,46.86,47.26,46.17,46.41,3259500.0
2016-01-29,40.77,48.16,48.2,47.02,47.28,3554900.0
2016-02-01,40.66,48.03,48.3,47.18,47.77,3909800.0
2016-02-02,39.97,47.21,47.97,46.99,47.56,3895300.0
2016-02-03,39.54,46.7,47.5,46.06,47.36,2595800.0
2016-02-04,39.54,46.7,47.07,46.45,46.68,2581600.0
2016-02-05,38.63,45.63,46.66,45.4,46.49,2410300.0
2016-02-08,37.86,44.72,45.28,43.91,45.14,3373800.0
2016-02-09,38.21,45.13,45.43,44.15,44.17,3893200.0
2016-02-10,38.45,45.42,46.47,45.28,45.4,4534400.0
2016-02-11,40.07,47.33,47.65,45.2,45.5,6772900.0
2016-02-12,40.04,47.29,48.0,46.99,47.33,3597900.0
2016-02-16,40.63,47.99,48.2,47.06,48.07,2753700.0
2016-02-17,40.98,48.41,48.55,47.96,48.22,2622500.0
2016-02-18,40.51,47.85,48.51,47.82,48.5,1926000.0
2016-02-19,40.71,48.09,48.11,47.43,47.53,1984200.0
2016-02-22,41.87,49.45,49.47,48.52,48.63,2353600.0
2016-02-23,41.25,48.72,49.24,48.3,49.24,2300800.0
2016-02-24,41.87,49.45,49.46,47.8,48.38,2723800.0
2016-02-25,42.04,49.66,49.95,49.35,49.45,1659300.0
2016-02-26,42.12,49.75,49.92,49.24,49.69,2266100.0
2016-02-29,42.62,50.34,51.35,49.52,49.52,3550000.0
2016-03-01,43.08,50.6,50.87,50.02,50.29,3130100.0
2016-03-02,43.23,50.78,50.92,50.28,50.34,1903800.0
2016-03-03,43.61,51.23,51.43,50.61,50.8,1959300.0
2016-03-04,44.04,51.73,51.84,50.99,51.19,1374400.0
2016-03-07,44.15,51.86,52.07,51.37,51.42,1986000.0
2016-03-08,43.52,51.12,51.7,50.94,51.56,2554400.0
2016-03-09,43.11,50.64,51.0,50.45,50.8,2950300.0
2016-03-10,42.9,50.39,50.92,50.16,50.66,2099500.0
2016-03-11,43.14,50.67,51.03,50.31,50.73,2045200.0
2016-03-14,43.44,51.03,51.21,50.5,50.75,1103700.0
2016-03-15,43.47,51.06,51.23,50.5,50.86,1412700.0
2016-03-16,44.09,51.79,52.0,51.07,51.18,1323200.0
2016-03-17,44.99,52.84,53.03,51.67,51.67,4298900.0
2016-03-18,44.5,52.27,53.05,52.13,53.03,3171800.0
2016-03-21,44.28,52.01,52.34,51.77,52.34,1521500.0
2016-03-22,44.1,51.8,52.2,51.65,51.98,1621600.0
2016-03-23,44.21,51.93,52.17,51.37,51.78,1517400.0
2016-03-24,44.27,52.0,52.03,51.57,51.62,1043900.0
2016-03-28,44.46,52.22,52.42,51.76,52.04,1313500.0
2016-03-29,44.59,52.38,52.44,51.97,52.05,1877900.0
2016-03-30,44.95,52.8,52.84,52.32,52.53,1672200.0
2016-03-31,44.83,52.66,53.08,52.57,52.67,1794900.0
2016-04-01,45.51,53.45,53.53,52.4,52.49,2269500.0
2016-04-04,45.13,53.01,53.52,52.49,53.33,1868500.0
2016-04-05,44.55,52.33,52.77,51.97,52.77,3057100.0
2016-04-06,44.8,52.62,52.75,52.25,52.38,1931900.0
2016-04-07,44.52,52.29,52.9,52.13,52.49,1572800.0
2016-04-08,44.7,52.51,52.79,52.25,52.7,1270300.0
2016-04-11,44.83,52.66,52.86,52.5,52.65,1388800.0
2016-04-12,45.04,52.9,53.04,52.39,52.57,1541100.0
2016-04-13,45.28,53.19,53.31,52.67,53.28,1835400.0
2016-04-14,45.09,52.96,53.42,52.88,53.3,1453900.0
2016-04-15,44.87,52.7,53.18,52.54,52.87,2571700.0
2016-04-18,45.34,53.26,53.32,52.64,52.64,1460100.0
2016-04-19,45.94,53.96,54.05,53.33,53.33,2309300.0
2016-04-20,45.0,52.86,54.59,51.76,54.48,4090900.0
2016-04-21,44.15,51.86,52.86,51.82,52.7,2293000.0
2016-04-22,44.2,51.92,52.09,51.51,51.8,1603700.0
2016-04-25,43.96,51.63,51.96,51.47,51.91,1386400.0
2016-04-26,44.25,51.98,52.18,51.65,51.8,1614900.0
2016-04-27,43.9,51.56,52.06,51.15,51.68,2326300.0
2016-04-28,44.08,51.78,52.12,51.24,51.3,2335700.0
2016-04-29,44.39,52.14,52.24,51.63,51.76,3366600.0
2016-05-02,44.7,52.51,53.01,52.01,52.14,3084100.0
2016-05-03,43.9,51.56,52.17,51.29,52.02,2218300.0
2016-05-04,43.7,51.33,51.68,51.06,51.24,2436600.0
2016-05-05,43.4,50.98,51.56,50.89,51.38,2712500.0
2016-05-06,43.66,51.28,51.29,50.66,50.93,1544200.0
2016-05-09,44.02,51.7,51.83,51.2,51.28,1691000.0
2016-05-10,44.6,52.39,52.44,51.64,51.85,1417800.0
2016-05-11,44.3,52.04,52.57,51.95,52.39,1266800.0
2016-05-12,44.53,52.3,52.46,51.97,52.17,1002800.0
2016-05-13,44.32,52.06,52.55,52.0,52.23,1046800.0
2016-05-16,44.56,52.34,52.65,51.77,52.08,1364900.0
2016-05-17,44.26,51.99,52.6,51.85,52.25,1586200.0
2016-05-18,44.25,51.97,52.41,51.64,51.81,1132300.0
2016-05-19,43.92,51.59,51.93,51.07,51.77,1183200.0
2016-05-20,44.44,52.2,52.55,51.67,51.95,1342000.0
2016-05-23,44.46,52.22,52.4,51.88,52.15,894800.0
2016-05-24,45.13,53.01,53.16,52.26,52.54,1202200.0
2016-05-25,45.08,52.95,53.21,52.78,53.07,1275000.0
2016-05-26,45.43,53.36,53.45,52.75,52.93,922900.0
2016-05-27,45.73,53.72,53.92,53.43,53.48,1235800.0
2016-05-31,45.72,53.39,53.55,53.02,53.53,1748000.0
2016-06-01,45.89,53.59,53.69,52.94,53.3,1198200.0
2016-06-02,46.0,53.72,53.75,53.17,53.49,917000.0
2016-06-03,45.98,53.7,53.8,53.4,53.63,1180800.0
2016-06-06,46.5,54.3,54.43,53.72,53.83,2192000.0
2016-06-07,46.15,53.9,54.48,53.87,54.46,1852100.0
2016-06-08,46.83,54.69,54.76,53.73,53.98,1577500.0
2016-06-09,47.08,54.98,55.06,54.39,54.45,1098200.0
2016-06-10,46.59,54.41,54.76,54.09,54.45,1109600.0
2016-06-13,46.15,53.9,54.62,53.88,54.36,1240000.0
2016-06-14,46.54,54.35,54.4,53.77,53.82,1540000.0
2016-06-15,46.35,54.13,54.62,54.08,54.6,1097800.0
2016-06-16,46.15,53.89,54.14,53.58,53.71,2508100.0
2016-06-17,45.73,53.41,53.81,53.27,53.71,2022900.0
2016-06-20,45.9,53.6,54.21,53.57,53.94,1388000.0
2016-06-21,45.84,53.53,53.89,53.28,53.61,1478200.0
2016-06-22,45.79,53.47,53.85,53.42,53.51,1127400.0
2016-06-23,45.97,53.69,54.14,53.48,54.11,1664800.0
2016-06-24,43.76,51.1,52.24,51.05,52.04,3786900.0
2016-06-27,42.96,50.17,50.6,49.76,50.47,2679100.0
2016-06-28,43.7,51.03,51.03,50.12,50.58,2589200.0
2016-06-29,44.48,51.94,52.0,51.34,51.5,3311500.0
2016-06-30,44.5,51.97,52.1,51.2,51.96,4529600.0
2016-07-01,44.64,52.13,52.42,51.71,51.97,2293400.0
2016-07-05,44.24,51.66,52.05,51.37,52.03,1888000.0
2016-07-06,44.68,52.18,52.28,51.1,51.59,3141700.0
2016-07-07,44.74,52.25,52.5,52.0,52.1,1929800.0
2016-07-08,45.27,52.87,53.03,52.64,52.8,1656200.0
2016-07-11,45.72,53.39,53.5,52.98,52.98,1354700.0
2016-07-12,46.17,53.92,54.21,53.72,53.89,1432200.0
2016-07-13,46.04,53.77,54.12,53.69,53.94,1673300.0
2016-07-14,46.27,54.03,54.25,53.78,54.04,2093400.0
2016-07-15,46.39,54.18,54.4,53.96,54.17,2906000.0
2016-07-18,46.27,54.03,54.4,54.02,54.4,1705100.0
2016-07-19,46.57,54.38,54.48,53.78,53.87,1302700.0
2016-07-20,47.17,55.09,55.13,54.26,54.44,2240800.0
2016-07-21,47.46,55.42,55.62,54.86,55.09,2798600.0
2016-07-22,47.79,55.81,55.86,55.11,55.34,2052200.0
2016-07-25,47.28,55.22,55.94,55.14,55.86,2944800.0
2016-07-26,46.4,54.19,54.79,53.31,54.22,4024100.0
2016-07-27,46.28,54.05,54.33,53.42,54.19,2236600.0
2016-07-28,46.37,54.15,54.54,53.6,53.96,1956100.0
2016-07-29,46.12,53.86,54.32,53.86,54.09,2193000.0
2016-08-01,45.8,53.49,53.96,53.25,53.77,1858400.0
2016-08-02,45.56,53.2,53.65,53.04,53.57,1387600.0
2016-08-03,45.68,53.35,53.44,53.07,53.17,1549600.0
2016-08-04,45.35,52.96,53.46,52.88,53.28,1706000.0
2016-08-05,45.31,52.91,53.24,52.74,53.16,1943500.0
2016-08-08,45.31,52.91,53.25,52.58,53.0,1782200.0
2016-08-09,45.11,52.68,53.2,52.66,52.96,1802600.0
2016-08-10,45.27,52.87,52.9,52.45,52.8,1080800.0
2016-08-11,45.18,52.76,53.21,52.67,53.06,1062300.0
2016-08-12,45.35,52.96,53.07,52.75,52.76,1039800.0
2016-08-15,45.32,52.93,53.0,52.83,52.96,844700.0
2016-08-16,45.18,52.76,52.95,52.67,52.95,958600.0
2016-08-17,45.43,53.05,53.15,52.68,52.86,2201600.0
2016-08-18,45.51,53.15,53.19,52.88,53.03,972100.0
2016-08-19,45.51,53.15,53.17,52.75,52.95,1025400.0
2016-08-22,45.79,53.47,53.5,52.92,53.04,1401200.0
2016-08-23,45.55,52.89,53.35,52.88,53.21,1900300.0
2016-08-24,45.2,52.48,52.97,52.38,52.92,1446500.0
2016-08-25,45.3,52.6,53.0,52.0,52.52,2188600.0
2016-08-26,45.21,52.49,53.1,52.31,52.76,1316700.0
2016-08-29,45.36,52.67,52.86,52.3,52.52,915200.0
2016-08-30,45.73,53.09,53.14,52.42,52.73,1741900.0
2016-08-31,45.89,53.28,53.3,52.64,52.95,1942700.0
2016-09-01,45.38,52.69,53.48,52.59,53.13,1960400.0
2016-09-02,45.36,52.67,53.15,52.51,52.95,1562300.0
2016-09-06,45.68,53.04,53.06,52.69,52.83,1432800.0
2016-09-07,45.97,53.37,53.43,52.69,52.95,1324200.0
2016-09-08,45.1,52.36,53.13,52.09,52.96,3495700.0
2016-09-09,44.79,52.0,52.52,51.97,52.28,3255700.0
2016-09-12,45.4,52.71,52.82,51.83,51.9,2603300.0
2016-09-13,44.71,51.91,52.49,51.78,52.33,2121700.0
2016-09-14,44.68,51.87,52.05,51.69,51.9,1618500.0
2016-09-15,45.24,52.52,52.71,51.38,51.68,2358300.0
2016-09-16,44.94,52.18,52.35,51.86,52.22,5685100.0
2016-09-19,45.05,52.31,52.76,52.07,52.45,1359300.0
2016-09-20,45.14,52.41,52.96,52.39,52.68,1442000.0
2016-09-21,45.07,52.33,52.84,51.82,52.66,1821200.0
2016-09-22,45.41,52.72,52.93,52.49,52.61,1700000.0
2016-09-23,45.93,53.33,53.43,52.86,53.04,2264300.0
2016-09-26,45.78,53.15,53.25,52.85,53.15,1827400.0
2016-09-27,46.07,53.49,53.59,53.05,53.16,1427500.0
2016-09-28,46.21,53.65,53.68,53.27,53.49,1172300.0
2016-09-29,46.05,53.47,54.19,53.46,53.6,1803000.0
2016-09-30,46.14,53.57,53.96,53.38,53.68,2778000.0
2016-10-03,46.21,53.65,53.75,53.25,53.43,2116300.0
2016-10-04,46.04,53.46,53.78,53.41,53.55,1271400.0
2016-10-05,45.81,53.19,53.7,53.16,53.53,1264800.0
2016-10-06,45.27,52.56,53.2,52.5,53.2,1938800.0
2016-10-07,45.1,52.36,52.79,52.26,52.71,1271500.0
2016-10-10,45.24,52.53,52.7,52.5,52.53,977700.0
2016-10-11,44.57,51.75,52.48,51.48,52.37,1421600.0
2016-10-12,44.83,52.05,52.16,51.64,51.75,2320400.0
2016-10-13,45.26,52.55,52.64,51.53,51.96,2471600.0
2016-10-14,46.1,53.53,53.7,52.74,52.8,2776800.0
2016-10-17,46.05,53.47,53.7,53.32,53.41,1634900.0
2016-10-18,46.41,53.89,54.28,53.5,53.69,2470100.0
2016-10-19,46.79,54.32,54.34,53.78,54.11,2150100.0
2016-10-20,46.55,54.05,54.06,53.53,53.85,2766800.0
2016-10-21,47.03,54.6,54.64,53.48,53.73,1964800.0
2016-10-24,47.31,54.93,54.99,54.65,54.69,2959200.0
2016-10-25,39.32,45.65,48.96,45.52,46.89,21052100.0
2016-10-26,39.43,45.78,47.51,45.69,45.77,8012000.0
2016-10-27,39.58,45.95,46.2,45.63,45.99,3422600.0
2016-10-28,38.47,44.66,46.09,44.3,45.95,4726200.0
2016-10-31,38.78,45.02,45.36,44.63,44.66,2634200.0
2016-11-01,39.02,45.3,45.39,44.75,45.26,2580200.0
2016-11-02,38.48,44.68,46.23,44.67,45.18,3846300.0
2016-11-03,37.72,43.8,45.02,43.69,44.68,3299500.0
2016-11-04,37.47,43.5,44.0,43.49,43.91,2549800.0
2016-11-07,38.46,44.65,44.67,44.01,44.27,1944400.0
2016-11-08,38.46,44.65,45.03,44.55,44.83,1633600.0
2016-11-09,38.87,45.13,45.19,43.63,44.03,2231200.0
2016-11-10,38.65,44.87,45.66,44.82,45.15,2191600.0
2016-11-11,37.97,44.09,45.19,43.83,44.74,2717400.0
2016-11-14,37.1,43.07,44.16,43.01,43.99,4815800.0
2016-11-15,37.54,43.58,43.58,42.74,43.07,3810500.0
2016-11-16,38.44,44.63,45.32,44.23,44.51,3289100.0
2016-11-17,37.66,43.72,44.11,43.51,44.09,3509100.0
2016-11-18,36.99,42.64,43.5,42.25,43.27,7806100.0
2016-11-21,36.94,42.59,43.01,42.33,42.6,2110600.0
2016-11-22,37.22,42.91,43.0,42.33,42.74,3104100.0
2016-11-23,37.4,43.11,43.23,42.7,42.96,1727500.0
2016-11-25,37.65,43.4,43.93,43.05,43.33,1175600.0
2016-11-28,37.66,43.42,43.74,43.25,43.4,2113100.0
2016-11-29,37.65,43.4,43.61,43.27,43.5,1717200.0
2016-11-30,37.39,43.1,43.56,43.1,43.4,3326500.0
2016-12-01,36.53,42.11,43.28,41.85,43.2,2641700.0
2016-12-02,36.49,42.07,42.53,42.01,42.3,2336500.0
2016-12-05,36.79,42.41,43.17,42.31,42.42,4725500.0
2016-12-06,36.78,42.4,42.57,41.99,42.29,3815100.0
2016-12-07,37.65,43.4,43.51,42.33,42.38,3589000.0
2016-12-08,36.42,41.99,42.36,41.0,41.19,5932700.0
2016-12-09,37.06,42.72,42.97,41.5,41.82,3558500.0
2016-12-12,36.58,42.17,42.99,42.06,42.7,2188500.0
2016-12-13,36.47,42.04,42.56,41.97,42.34,3137200.0
2016-12-14,37.4,43.12,43.78,42.38,43.32,3850800.0
2016-12-15,37.04,42.7,43.29,42.65,43.15,2573700.0
2016-12-16,37.42,43.14,43.18,42.67,42.83,5250700.0
2016-12-19,37.55,43.29,43.39,42.83,43.15,2812800.0
2016-12-20,37.55,43.29,43.53,43.04,43.28,1947600.0
2016-12-21,37.53,43.26,43.47,42.91,43.25,2338800.0
2016-12-22,37.1,42.77,43.56,42.47,43.56,3353300.0
2016-12-23,37.08,42.75,43.01,42.54,42.8,1138000.0
2016-12-27,37.04,42.7,43.11,42.51,42.9,775500.0
2016-12-28,36.64,42.24,42.83,41.92,42.69,1459200.0
2016-12-29,36.52,42.1,42.4,41.93,42.38,1218600.0
2016-12-30,36.39,41.95,42.34,41.8,42.27,1307600.0
2017-01-02,,,,,,
2017-01-03,36.67,42.27,42.69,41.99,42.2,1610800.0
2017-01-04,36.87,42.5,42.68,42.07,42.28,1566400.0
2017-01-05,36.88,42.52,42.73,42.38,42.48,1567300.0
2017-01-06,36.87,42.51,42.9,42.29,42.33,2421000.0
2017-01-09,36.74,42.36,42.7,42.33,42.61,2035300.0
2017-01-10,36.22,41.75,42.13,41.48,41.94,3943000.0
2017-01-11,36.08,41.59,41.95,41.3,41.93,3224600.0
2017-01-12,36.44,42.01,42.06,40.96,41.42,6284400.0
2017-01-13,36.74,42.36,42.62,42.1,42.1,1811500.0
2017-01-17,36.75,42.37,42.68,42.06,42.06,1663900.0
2017-01-18,36.34,41.89,42.71,41.89,42.25,1829800.0
2017-01-19,35.96,41.45,42.04,41.39,41.85,3475900.0
2017-01-20,35.52,40.95,41.79,40.88,41.47,3236700.0
2017-01-23,35.17,40.54,40.96,40.43,40.88,4065900.0
2017-01-24,35.3,40.7,40.88,40.5,40.68,3551500.0
2017-01-25,35.57,41.0,41.48,40.81,40.97,8174300.0
2017-01-26,35.31,40.71,41.3,40.62,41.01,2537800.0
2017-01-27,35.47,40.89,41.02,40.57,40.82,2000100.0
2017-01-30,35.63,41.07,41.12,40.28,40.89,3263700.0
2017-01-31,35.49,40.91,41.18,40.68,41.15,3227700.0
2017-02-01,35.84,41.32,41.34,40.67,40.93,2968500.0
2017-02-02,36.13,41.65,41.81,40.88,41.17,2613200.0
2017-02-03,36.83,42.46,42.56,41.82,41.84,2369700.0
2017-02-06,36.42,41.99,42.61,41.95,42.46,2168500.0
2017-02-07,36.31,41.86,42.12,41.79,42.0,2317500.0
2017-02-08,36.48,42.06,42.26,41.37,41.72,2949400.0
2017-02-09,37.46,43.18,43.51,41.5,42.06,3809300.0
2017-02-10,38.44,44.31,44.61,43.26,43.27,5052800.0
2017-02-13,39.02,44.98,45.16,44.45,44.51,5224200.0
2017-02-14,38.84,44.77,45.06,44.7,44.91,3477800.0
2017-02-15,38.87,44.81,45.05,44.45,44.56,2785600.0
2017-02-16,38.9,44.85,44.95,44.52,44.82,2334400.0
2017-02-17,39.1,45.08,45.11,44.57,44.57,2867800.0
2017-02-20,,,,,,
2017-02-21,39.47,45.5,45.73,44.67,44.95,2854100.0
2017-02-22,38.93,44.88,45.63,44.83,45.52,1806300.0
2017-02-23,39.22,45.21,45.59,44.91,45.02,2223000.0
2017-02-24,39.17,45.16,45.21,44.84,45.12,1777500.0
2017-02-27,38.79,44.72,45.41,44.63,45.1,2706100.0
2017-02-28,38.75,44.36,45.17,44.16,44.41,3421700.0
2017-03-01,39.37,45.07,45.3,44.29,44.48,3682400.0
2017-03-02,39.39,45.1,45.26,44.71,45.04,1952000.0
2017-03-03,39.11,44.77,45.08,44.61,45.01,1272400.0
2017-03-06,38.78,44.4,44.68,44.26,44.49,947800.0
2017-03-07,38.87,44.5,44.63,44.26,44.34,1437200.0
2017-03-08,38.77,44.39,44.69,44.34,44.48,1432600.0
2017-03-09,38.71,44.32,44.51,44.17,44.38,1776300.0
2017-03-10,38.17,43.7,44.55,43.42,44.5,2588300.0
2017-03-13,37.94,43.44,43.87,43.34,43.84,1728600.0
2017-03-14,38.12,43.64,43.66,43.12,43.23,1776600.0
2017-03-15,38.49,44.06,44.17,43.61,43.74,2496200.0
2017-03-16,38.45,44.02,44.24,42.05,42.05,2471900.0
2017-03-17,37.25,42.64,44.16,42.61,44.16,4843500.0
2017-03-20,37.26,42.66,42.82,42.19,42.71,3102200.0
2017-03-21,36.38,41.65,42.86,41.57,42.82,3342300.0
2017-03-22,36.07,41.29,41.82,41.22,41.82,2187000.0
2017-03-23,36.04,41.26,41.5,41.14,41.25,2882300.0
2017-03-24,36.06,41.28,41.57,41.11,41.35,1997400.0
2017-03-27,35.84,41.03,41.3,40.64,40.99,2068500.0
2017-03-28,36.11,41.34,41.4,40.72,41.0,2768400.0
2017-03-29,35.92,41.12,41.46,40.96,41.25,2594700.0
2017-03-30,35.88,41.08,41.19,40.73,40.99,2568600.0
2017-03-31,36.08,41.31,41.43,41.0,41.1,2366300.0
2017-04-03,36.57,41.87,42.0,41.21,41.31,4181600.0
2017-04-04,36.44,41.72,42.01,41.46,41.93,2670500.0
2017-04-05,36.55,41.84,42.25,41.75,41.86,1506500.0
2017-04-06,36.69,42.0,42.16,41.57,41.81,1624800.0
2017-04-07,36.41,41.68,41.95,41.62,41.74,1841900.0
2017-04-10,36.23,41.48,41.86,41.45,41.7,1347900.0
2017-04-11,36.14,41.37,41.46,40.88,41.39,2162800.0
2017-04-12,35.81,41.0,41.32,40.55,41.14,3761300.0
2017-04-13,35.84,41.03,41.14,40.73,41.01,2465600.0
2017-04-17,36.02,41.24,41.43,41.01,41.16,1933700.0
2017-04-18,36.01,41.22,41.23,40.92,41.01,2400200.0
2017-04-19,36.48,41.76,42.0,41.29,41.36,2896200.0
2017-04-20,35.93,41.13,41.93,41.12,41.76,3346000.0
2017-04-21,35.81,41.0,41.3,40.87,41.1,3482700.0
2017-04-24,36.33,41.59,41.94,41.29,41.59,3475100.0
2017-04-25,34.92,39.98,40.22,38.31,40.09,9370800.0
2017-04-26,34.42,39.41,40.04,39.3,39.55,5239400.0
2017-04-27,35.11,40.2,40.25,39.25,39.36,4950300.0
2017-04-28,35.93,41.13,41.45,40.06,40.27,6448200.0
2017-05-01,35.4,40.53,41.33,40.53,41.14,3620700.0
2017-05-02,35.15,40.24,40.75,40.02,40.64,3852200.0
2017-05-03,35.11,40.19,40.34,40.0,40.28,3386900.0
2017-05-04,34.84,39.89,40.25,39.87,40.23,3048700.0
2017-05-05,35.11,40.2,40.31,39.91,40.06,2219000.0
2017-05-08,35.36,40.48,40.66,39.98,40.27,2448400.0
2017-05-09,35.63,40.79,41.02,40.33,40.45,1887800.0
2017-05-10,35.13,40.22,40.86,40.1,40.7,2125400.0
2017-05-11,35.52,40.66,40.7,39.84,40.14,3079000.0
2017-05-12,35.29,40.4,40.72,40.08,40.72,2977000.0
2017-05-15,35.92,41.12,41.19,40.46,40.53,3041600.0
2017-05-16,35.4,40.53,41.2,40.36,41.2,3681800.0
2017-05-17,35.12,40.21,40.53,39.76,40.53,2704600.0
2017-05-18,34.1,39.04,40.37,39.02,40.29,4658200.0
2017-05-19,34.56,39.56,39.71,38.96,39.09,2482000.0
2017-05-22,34.6,39.61,39.84,39.44,39.52,1272200.0
2017-05-23,34.16,39.11,39.64,39.11,39.58,1684100.0
2017-05-24,33.9,38.81,39.21,38.57,39.17,3083700.0
2017-05-25,33.54,38.4,38.95,38.01,38.9,2655400.0
2017-05-26,33.66,38.54,38.6,37.95,38.24,3596900.0
2017-05-30,34.01,38.93,39.13,38.49,38.55,3547300.0
2017-05-31,33.91,38.48,39.08,38.2,38.71,3421900.0
2017-06-01,34.35,38.98,39.44,38.34,38.48,3419800.0
2017-06-02,34.41,39.05,39.17,38.63,39.0,2324100.0
2017-06-05,33.95,38.53,39.25,38.46,38.8,5151800.0
2017-06-06,34.11,38.71,38.89,38.27,38.45,3571100.0
2017-06-07,33.36,37.86,38.74,37.83,38.7,4068400.0
2017-06-08,32.8,37.22,37.86,36.99,37.86,6592800.0
2017-06-09,33.19,37.67,37.71,37.07,37.21,3694200.0
2017-06-12,33.69,38.23,38.34,37.51,37.61,4245600.0
2017-06-13,34.23,38.84,38.95,38.19,38.34,2895500.0
2017-06-14,34.07,38.66,39.19,38.49,39.05,1917700.0
2017-06-15,33.88,38.45,38.55,38.12,38.39,1870700.0
2017-06-16,33.79,38.35,38.5,38.09,38.34,2923700.0
2017-06-19,34.16,38.77,38.9,38.45,38.51,1586600.0
2017-06-20,33.62,38.15,38.55,38.14,38.5,1087100.0
2017-06-21,32.81,37.23,38.33,37.11,38.25,3876300.0
2017-06-22,32.73,37.14,37.45,36.96,37.25,2478800.0
2017-06-23,33.01,37.46,37.49,37.0,37.15,7114200.0
2017-06-26,34.16,38.76,38.98,37.33,37.63,4652300.0
2017-06-27,34.31,38.94,39.07,38.47,38.64,3563700.0
2017-06-28,34.35,38.98,39.45,38.79,39.21,1989800.0
2017-06-29,33.99,38.57,39.04,38.31,38.98,1597900.0
2017-06-30,34.07,38.66,38.82,38.47,38.73,1701500.0
2017-07-03,33.88,38.45,38.9,38.36,38.68,1174000.0
2017-07-05,33.46,37.97,38.6,37.9,38.37,2343900.0
2017-07-06,33.04,37.49,37.93,37.44,37.85,2283700.0
2017-07-07,33.04,37.5,37.67,37.13,37.6,2099200.0
2017-07-10,33.04,37.5,37.65,37.27,37.5,1831900.0
2017-07-11,32.75,37.16,37.73,36.98,37.45,1975300.0
2017-07-12,33.37,37.87,37.92,37.38,37.49,2848900.0
2017-07-13,33.72,38.27,38.34,37.74,37.85,2253400.0
2017-07-14,34.06,38.65,38.92,38.18,38.29,1606600.0
2017-07-17,34.38,39.01,39.17,38.54,38.59,2146300.0
2017-07-18,34.36,38.99,39.19,38.74,39.07,2285900.0
2017-07-19,34.01,38.59,39.04,38.58,38.95,3040800.0
2017-07-20,34.29,38.91,39.12,38.36,38.52,2480800.0
2017-07-21,34.74,39.42,39.49,38.83,38.87,1787500.0
2017-07-24,35.1,39.83,39.96,39.1,39.39,3005900.0
2017-07-25,34.03,38.62,39.88,38.54,39.88,4120300.0
2017-07-26,35.15,39.89,40.21,38.71,38.8,5207100.0
2017-07-27,36.31,41.21,41.28,39.34,39.39,6365200.0
2017-07-28,36.83,41.8,41.97,40.89,41.28,5656200.0
2017-07-31,37.9,43.01,43.31,41.91,41.99,5984700.0
2017-08-01,37.86,42.96,43.61,42.89,43.22,4836000.0
2017-08-02,38.11,43.25,43.27,42.66,42.91,3514200.0
2017-08-03,37.88,42.99,43.43,42.89,43.27,2138400.0
2017-08-04,37.34,42.37,43.3,42.3,43.13,2932300.0
2017-08-07,37.96,43.08,43.15,41.83,42.5,2803100.0
2017-08-08,36.96,41.94,43.14,41.83,43.08,2849500.0
2017-08-09,37.34,42.38,42.39,41.8,41.86,2200200.0
2017-08-10,36.28,41.17,42.49,41.15,42.31,2368500.0
2017-08-11,35.94,40.79,41.33,40.74,41.12,1581900.0
2017-08-14,36.04,40.9,41.21,40.79,40.94,2116200.0
2017-08-15,36.08,40.94,41.07,40.61,40.79,1270500.0
2017-08-16,35.66,40.47,41.07,40.32,40.94,2384000.0
2017-08-17,35.26,40.01,40.59,39.94,40.59,3177200.0
2017-08-18,34.95,39.66,40.02,39.45,39.9,1885500.0
2017-08-21,34.67,39.35,39.66,39.19,39.66,1622600.0
2017-08-22,35.29,39.7,39.75,39.11,39.11,2052800.0
2017-08-23,34.72,39.06,39.45,38.64,39.3,3578700.0
2017-08-24,34.91,39.27,39.4,39.0,39.08,2262400.0
2017-08-25,35.1,39.49,39.64,39.32,39.39,1521400.0
2017-08-28,34.99,39.36,39.59,39.13,39.59,1555100.0
2017-08-29,34.73,39.07,39.27,38.94,39.19,2226200.0
2017-08-30,34.57,38.89,39.14,38.43,39.09,3337800.0
2017-08-31,34.53,38.85,39.23,38.78,38.91,3247500.0
2017-09-01,35.12,39.51,39.52,38.81,38.92,2346400.0
2017-09-05,34.5,38.81,39.7,38.75,39.45,1440200.0
2017-09-06,34.65,38.98,39.24,38.88,38.98,1064000.0
2017-09-07,34.27,38.55,39.08,38.52,38.69,1871900.0
2017-09-08,34.2,38.48,38.59,38.07,38.36,1720600.0
2017-09-11,34.67,39.0,39.04,38.5,38.75,1426900.0
2017-09-12,35.11,39.5,39.65,39.02,39.07,1036400.0
2017-09-13,34.71,39.05,39.6,38.85,39.44,1724400.0
2017-09-14,34.99,39.37,39.39,38.49,38.97,2789700.0
2017-09-15,35.42,39.85,39.96,39.09,39.26,4193300.0
2017-09-18,35.78,40.25,40.28,39.72,39.93,1538800.0
2017-09-19,35.71,40.17,40.55,40.03,40.21,2259400.0
2017-09-20,35.93,40.42,40.76,40.06,40.13,1338300.0
2017-09-21,36.02,40.52,40.7,40.29,40.36,1870700.0
2017-09-22,36.35,40.89,41.1,40.49,40.51,1549400.0
2017-09-25,36.56,41.13,41.38,40.91,40.92,1622100.0
2017-09-26,36.54,41.11,41.47,40.86,41.05,1122100.0
2017-09-27,36.43,40.99,41.27,40.76,41.01,2252400.0
2017-09-28,36.68,41.27,41.38,40.86,40.89,1628800.0
2017-09-29,36.84,41.45,41.61,41.19,41.42,2103300.0
2017-10-02,36.84,41.45,41.91,41.26,41.45,1792300.0
2017-10-03,36.74,41.33,41.53,40.73,41.52,2940000.0
2017-10-04,36.89,41.5,41.61,41.17,41.41,1617700.0
2017-10-05,36.46,41.02,41.48,41.0,41.41,2646200.0
2017-10-06,36.58,41.15,41.16,40.85,40.95,1463500.0
2017-10-09,35.9,40.39,41.21,40.33,41.15,1289200.0
2017-10-10,35.71,40.18,40.89,40.13,40.62,2129400.0
2017-10-11,35.31,39.72,40.5,39.6,40.35,2956800.0
2017-10-12,35.44,39.87,39.95,39.43,39.58,2708700.0
2017-10-13,35.29,39.7,40.15,39.67,40.07,1952200.0
2017-10-16,35.22,39.62,39.76,39.39,39.63,1299900.0
2017-10-17,35.55,40.0,40.03,39.48,39.58,1898400.0
2017-10-18,37.06,41.69,41.87,40.03,40.03,4779200.0
2017-10-19,36.72,41.31,41.78,41.27,41.5,2466200.0
2017-10-20,37.12,41.76,42.16,41.35,41.37,3359300.0
2017-10-23,36.78,41.38,41.99,41.34,41.75,2473800.0
2017-10-24,36.56,41.13,41.38,40.58,41.32,3676300.0
2017-10-25,34.27,38.56,39.58,37.0,37.07,9094000.0
2017-10-26,34.91,39.27,39.53,38.71,38.85,4866400.0
2017-10-27,34.28,38.57,39.64,38.47,39.4,5278100.0
2017-10-30,33.47,37.66,38.5,37.55,38.5,5160100.0
2017-10-31,32.95,37.07,38.49,36.97,38.49,3073500.0
2017-11-01,32.14,36.16,37.23,36.07,37.18,3434500.0
2017-11-02,32.72,36.81,36.85,35.84,36.19,4880800.0
2017-11-03,32.75,36.84,36.91,36.44,36.8,2203500.0
2017-11-06,33.23,37.38,37.48,36.69,36.75,2600000.0
2017-11-07,33.78,38.0,38.04,37.39,37.42,4020800.0
2017-11-08,33.37,37.54,38.35,37.49,37.87,5172400.0
2017-11-09,32.98,37.1,37.43,34.22,35.76,8636100.0
2017-11-10,32.55,36.62,37.05,36.13,36.76,3805700.0
2017-11-13,32.15,36.17,36.7,36.08,36.29,3509800.0
2017-11-14,31.97,35.97,36.12,35.41,35.96,4418300.0
2017-11-15,32.06,36.07,36.13,35.32,35.81,2929400.0
2017-11-16,31.71,35.67,36.37,35.63,36.18,3890200.0
2017-11-17,32.34,36.38,36.68,35.66,35.73,4460000.0
2017-11-20,32.17,35.85,36.18,35.65,36.08,2620700.0
2017-11-21,32.3,36.0,36.56,35.97,36.2,2367600.0
2017-11-22,32.83,36.59,36.94,36.08,36.08,1933500.0
2017-11-24,32.76,36.51,36.7,36.23,36.67,585600.0
2017-11-27,32.82,36.58,36.66,36.19,36.54,2166600.0
2017-11-28,33.6,37.45,37.47,36.41,36.73,3128700.0
2017-11-29,32.59,36.32,37.31,36.29,37.0,4559700.0
2017-11-30,32.95,36.72,37.05,36.39,36.55,4099300.0
2017-12-01,32.51,36.23,37.01,35.61,36.75,3127000.0
2017-12-04,33.75,37.61,38.35,36.72,36.76,4391500.0
2017-12-05,33.94,37.83,37.91,37.21,37.63,3742400.0
2017-12-06,34.06,37.96,38.01,37.53,37.83,2867900.0
2017-12-07,34.19,38.11,38.3,37.74,37.95,3580300.0
2017-12-08,34.05,37.95,38.15,37.79,38.05,5133000.0
2017-12-11,34.0,37.89,38.09,37.72,37.98,2784900.0
2017-12-12,34.03,37.93,38.22,37.64,37.93,2494100.0
2017-12-13,33.15,36.95,37.98,36.77,37.83,2948400.0
2017-12-14,32.84,36.6,36.95,36.24,36.3,5274000.0
2017-12-15,33.4,37.22,37.85,36.73,36.8,11274800.0
2017-12-18,33.67,37.53,37.78,37.27,37.55,3613100.0
2017-12-19,33.65,37.5,37.58,37.26,37.52,2515800.0
2017-12-20,32.5,36.22,37.65,36.04,37.59,5470700.0
2017-12-21,32.71,36.45,36.65,36.1,36.31,3359200.0
2017-12-22,32.79,36.54,36.76,36.31,36.47,1333300.0
2017-12-26,32.49,36.21,36.88,36.13,36.64,1897600.0
2017-12-27,32.18,35.86,36.31,35.81,36.31,2073100.0
2017-12-28,32.3,36.0,36.03,35.55,35.82,2577000.0
2017-12-29,32.66,36.4,36.61,35.98,36.1,3043900.0
2018-01-01,,,,,,
2018-01-02,32.89,36.66,36.82,35.95,36.4,3913100.0
2018-01-03,32.29,35.99,36.85,35.97,36.62,2879400.0
2018-01-04,32.11,35.79,36.15,35.68,36.15,3540900.0
2018-01-05,32.3,36.0,36.1,35.7,35.97,4482800.0
2018-01-08,32.44,36.16,37.0,36.03,36.81,7051700.0
2018-01-09,32.6,36.33,36.43,36.04,36.07,4840500.0
2018-01-10,32.53,36.26,36.4,36.06,36.3,3309000.0
2018-01-11,32.57,36.3,36.65,36.2,36.41,3879600.0
2018-01-12,33.61,37.46,37.58,36.39,36.39,2777500.0
2018-01-16,33.29,37.1,37.71,37.07,37.61,3042000.0
2018-01-17,32.56,36.29,37.29,36.03,37.29,4129200.0
2018-01-18,32.8,36.56,37.09,36.37,36.37,2848400.0
2018-01-19,32.94,36.71,36.78,36.41,36.68,3172800.0
2018-01-22,33.29,37.1,37.13,36.69,36.7,3262600.0
2018-01-23,33.27,37.08,37.27,36.8,37.07,2692900.0
2018-01-24,33.67,37.53,37.89,37.11,37.37,3493200.0
2018-01-25,33.38,37.2,37.73,37.16,37.7,2249000.0
2018-01-26,33.37,37.19,37.49,37.1,37.27,2500000.0
2018-01-29,33.23,37.03,37.28,36.82,37.03,2386800.0
2018-01-30,32.77,36.52,37.18,36.45,36.91,3195600.0
2018-01-31,33.57,37.41,37.56,36.48,36.72,3989100.0
2018-02-01,34.55,38.51,39.25,37.02,37.21,6983600.0
2018-02-02,33.64,37.49,38.51,37.22,38.41,4037200.0
2018-02-05,32.37,36.08,37.58,36.07,37.22,4476800.0
2018-02-06,33.07,36.86,37.14,35.25,35.66,5640600.0
2018-02-07,33.7,37.56,37.93,36.75,36.79,6865200.0
2018-02-08,30.42,33.9,36.9,33.9,36.72,11833000.0
2018-02-09,30.24,33.7,35.11,33.5,34.24,12169000.0
2018-02-12,30.15,33.6,34.24,32.95,34.05,9335100.0
2018-02-13,29.66,33.06,33.58,32.95,33.52,5294000.0
2018-02-14,29.59,32.98,33.16,32.33,32.9,5377000.0
2018-02-15,30.15,33.6,33.61,32.85,33.13,4893800.0
2018-02-16,30.22,33.68,34.26,33.55,33.58,4972900.0
2018-02-20,29.71,33.11,33.64,33.02,33.5,3825900.0
2018-02-21,29.18,32.52,33.29,32.52,32.96,2128000.0
2018-02-22,28.72,32.01,32.9,31.99,32.7,3144800.0
2018-02-23,29.84,33.26,33.26,32.11,32.32,3525600.0
2018-02-26,30.32,33.79,33.8,33.13,33.33,3233000.0
2018-02-27,29.75,33.16,34.04,33.12,33.96,4379200.0
2018-02-28,29.28,32.63,33.42,32.61,33.23,3923400.0
2018-03-01,28.98,32.3,32.86,31.97,32.56,3147400.0
2018-03-02,29.32,32.68,32.72,31.9,32.11,2423100.0
2018-03-05,29.82,33.24,33.37,32.37,32.43,2783700.0
2018-03-06,30.17,33.28,33.4,32.93,32.97,2463800.0
2018-03-07,29.64,32.7,33.13,32.45,32.95,2790700.0
2018-03-08,29.73,32.79,33.16,32.7,32.83,2021300.0
2018-03-09,30.29,33.41,33.41,32.96,33.07,2163400.0
2018-03-12,30.75,33.92,34.12,33.49,33.52,2540300.0
2018-03-13,30.37,33.5,33.92,33.44,33.92,3088300.0
2018-03-14,30.41,33.54,33.92,33.43,33.69,1834200.0
2018-03-15,30.34,33.47,33.75,33.42,33.64,1551900.0
2018-03-16,30.37,33.5,33.79,33.4,33.53,3529900.0
2018-03-19,29.63,32.68,33.56,32.48,33.44,2167800.0
2018-03-20,29.38,32.41,32.92,32.4,32.71,1956000.0
2018-03-21,29.72,32.44,32.85,32.26,32.42,1845900.0
2018-03-22,29.15,31.82,32.44,31.81,32.14,1797200.0
2018-03-23,28.87,31.51,32.05,31.47,31.88,3951900.0
2018-03-26,29.34,32.03,32.08,31.49,31.87,2816000.0
2018-03-27,29.4,32.09,32.49,31.63,32.2,6276400.0
2018-03-28,29.56,32.27,32.51,32.08,32.24,2530000.0
2018-03-29,29.12,31.79,32.67,31.75,32.31,4834200.0
2018-04-02,28.24,30.83,31.98,30.65,31.72,3088400.0
2018-04-03,28.48,31.09,31.1,30.64,30.92,2749800.0
2018-04-04,28.72,31.35,31.44,30.69,30.69,4958200.0
2018-04-05,29.51,32.21,32.41,31.43,31.62,3247000.0
2018-04-06,28.93,31.58,32.19,31.36,31.84,1724900.0
2018-04-09,29.28,31.96,32.22,31.54,31.85,2727900.0
2018-04-10,29.77,32.5,32.67,31.95,32.25,2588200.0
2018-04-11,29.64,32.35,32.65,32.14,32.25,3077100.0
2018-04-12,29.77,32.49,32.62,32.38,32.44,2009500.0
2018-04-13,29.63,32.34,32.68,32.16,32.67,3254200.0
2018-04-16,30.83,33.65,33.68,32.43,32.84,3820300.0
2018-04-17,31.28,34.14,34.25,33.69,33.88,2302500.0
2018-04-18,31.52,34.41,34.6,34.06,34.21,1877600.0
2018-04-19,31.79,34.7,34.86,34.36,34.41,2581900.0
2018-04-20,30.27,33.04,34.67,32.99,34.65,5317700.0
2018-04-23,30.74,33.55,33.72,33.06,33.19,3987900.0
2018-04-24,30.69,33.5,33.9,33.31,33.78,3796800.0
2018-04-25,31.47,34.35,34.37,33.23,33.5,3413700.0
2018-04-26,29.23,31.91,34.0,31.7,33.43,8416000.0
2018-04-27,29.36,32.05,32.51,31.7,31.77,5797900.0
2018-04-30,28.81,31.45,32.25,31.44,32.14,3313800.0
2018-05-01,28.16,30.74,31.45,30.64,31.32,6785100.0
2018-05-02,27.68,30.21,31.57,30.19,30.68,6736500.0
2018-05-03,27.61,30.14,30.37,29.65,30.1,4315000.0
2018-05-04,27.66,30.19,30.56,30.04,30.19,2880800.0
2018-05-07,27.58,30.1,30.25,29.93,30.19,5457300.0
2018-05-08,27.37,29.88,30.2,29.81,29.99,3970500.0
2018-05-09,27.68,30.21,30.31,29.96,29.96,8396900.0
2018-05-10,27.76,30.3,30.38,30.17,30.3,2258900.0
2018-05-11,27.64,30.17,30.45,30.12,30.33,2949800.0
2018-05-14,27.96,30.52,30.56,30.13,30.32,3472600.0
2018-05-15,28.16,30.74,30.75,30.31,30.32,4418300.0
2018-05-16,28.63,31.25,31.31,30.68,30.74,4428500.0
2018-05-17,28.63,31.25,31.72,31.16,31.16,3776300.0
2018-05-18,28.48,31.09,31.46,31.01,31.33,3352300.0
2018-05-21,28.49,31.1,31.26,30.99,31.22,3046400.0
2018-05-22,28.55,31.16,31.54,31.06,31.31,2390600.0
2018-05-23,27.9,30.45,31.12,30.4,31.01,2845700.0
2018-05-24,27.92,30.48,30.74,30.07,30.5,3709000.0
2018-05-25,27.48,30.0,30.48,29.98,30.38,2666900.0
2018-05-29,27.25,29.74,30.11,29.51,29.8,3128200.0
2018-05-30,27.57,30.09,30.31,29.85,29.95,2194100.0
2018-05-31,27.64,30.17,30.23,29.89,29.99,4894200.0
2018-06-01,27.33,29.83,30.26,29.77,30.23,2086600.0
2018-06-04,27.48,29.99,30.51,29.71,30.44,3558700.0
2018-06-05,27.81,30.0,30.17,29.67,29.7,4839200.0
2018-06-06,28.51,30.76,30.76,29.91,30.07,4812800.0
2018-06-07,28.69,30.95,31.01,30.58,30.77,3408200.0
2018-06-08,28.96,31.24,31.3,30.73,30.73,2627200.0
2018-06-11,29.02,31.31,31.41,31.15,31.25,1809700.0
2018-06-12,29.16,31.46,31.51,31.17,31.4,1615000.0
2018-06-13,29.23,31.53,31.68,31.36,31.54,2663300.0
2018-06-14,29.23,31.53,31.74,31.36,31.52,4382700.0
2018-06-15,29.1,31.39,31.44,30.84,31.23,4170100.0
2018-06-18,28.71,30.97,31.28,30.89,31.23,2754200.0
2018-06-19,28.41,30.65,30.96,30.52,30.76,3507500.0
2018-06-20,28.49,30.74,30.8,30.29,30.65,3217100.0
2018-06-21,28.64,30.9,31.09,30.76,30.87,4874100.0
2018-06-22,28.85,31.12,31.59,30.82,31.1,8964200.0
2018-06-25,28.71,30.97,31.3,30.75,30.99,3765600.0
2018-06-26,28.1,30.31,30.9,30.11,30.9,2748200.0
2018-06-27,27.96,30.16,30.51,30.14,30.23,1808200.0
2018-06-28,28.46,30.7,30.75,30.05,30.21,2078600.0
2018-06-29,28.67,30.93,31.22,30.73,30.78,2422200.0
2018-07-02,28.36,30.59,30.61,29.72,29.86,5281500.0
2018-07-03,28.31,30.54,30.81,30.46,30.71,1526000.0
2018-07-05,28.5,30.75,30.89,30.49,30.74,1911500.0
2018-07-06,28.93,31.21,31.33,30.69,30.87,1250200.0
2018-07-09,29.55,31.88,32.07,31.23,31.29,2566900.0
2018-07-10,29.25,31.55,31.99,31.34,31.86,1992300.0
2018-07-11,28.93,31.21,31.56,31.12,31.45,2426400.0
2018-07-12,28.87,31.14,31.36,30.97,31.27,2233300.0
2018-07-13,28.81,31.08,31.36,30.99,31.19,1846100.0
2018-07-16,28.89,31.17,31.21,30.82,31.05,2300600.0
2018-07-17,28.41,30.65,30.99,30.3,30.94,2347800.0
2018-07-18,28.51,30.76,30.84,30.45,30.67,2382600.0
2018-07-19,28.33,30.56,30.71,30.51,30.67,2330800.0
2018-07-20,27.69,29.87,30.45,29.85,30.44,3774000.0
2018-07-23,27.35,29.5,29.97,29.47,29.86,5458100.0
2018-07-24,27.35,29.51,29.79,29.33,29.65,3002400.0
2018-07-25,27.41,29.57,29.89,29.26,29.58,2882700.0
2018-07-26,20.5,22.11,23.12,20.53,22.57,38170800.0
2018-07-27,20.73,22.36,22.6,21.26,22.08,13037900.0
2018-07-30,21.35,23.03,23.04,22.19,22.54,7847000.0
2018-07-31,21.84,23.56,23.58,22.94,23.21,8504800.0
2018-08-01,21.74,23.45,24.04,23.23,23.35,10457200.0
2018-08-02,20.92,22.57,23.31,22.3,23.22,6145700.0
2018-08-03,20.38,21.99,22.81,21.92,22.72,6791000.0
2018-08-06,20.64,22.27,22.41,21.82,21.9,6248900.0
2018-08-07,20.18,21.77,22.32,21.51,22.31,13306800.0
2018-08-08,20.16,21.75,22.01,21.64,21.85,9515400.0
2018-08-09,20.53,22.15,22.29,21.69,21.76,8619100.0
2018-08-10,20.37,21.97,22.12,21.54,22.1,6657000.0
2018-08-13,22.82,24.62,25.67,23.8,25.42,30026600.0
2018-08-14,24.15,26.05,26.35,25.08,25.22,19950600.0
2018-08-15,24.24,26.15,26.21,25.1,25.4,10932000.0
2018-08-16,24.67,26.61,26.75,26.08,26.23,8977400.0
2018-08-17,24.24,26.15,26.68,26.15,26.56,5719000.0
2018-08-20,24.2,26.11,26.46,25.97,26.25,3934700.0
2018-08-21,24.46,26.03,26.26,25.73,26.11,4171000.0
2018-08-22,24.39,25.96,26.06,25.69,26.06,5292000.0
2018-08-23,25.1,26.71,27.32,26.29,26.7,5563000.0
2018-08-24,24.87,26.47,26.6,26.16,26.47,5140000.0
2018-08-27,24.99,26.6,26.7,26.38,26.56,3424000.0
2018-08-28,25.1,26.72,26.77,26.47,26.73,3502600.0
2018-08-29,25.02,26.63,26.88,26.23,26.71,7069400.0
2018-08-30,24.53,26.11,26.62,26.01,26.59,3614000.0
2018-08-31,24.43,26.0,26.13,25.66,25.93,4797600.0
2018-09-04,24.48,26.06,26.08,25.63,25.68,4366700.0
2018-09-05,24.78,26.37,26.46,25.77,25.82,4634700.0
2018-09-06,24.4,25.97,26.47,25.85,26.39,2956900.0
2018-09-07,24.6,26.18,26.25,25.7,25.73,2814400.0
2018-09-10,24.96,26.57,26.73,26.37,26.41,3679200.0
2018-09-11,24.79,26.38,26.58,26.13,26.56,2280700.0
2018-09-12,25.1,26.72,27.75,26.69,27.3,9451500.0
2018-09-13,24.94,26.54,27.08,26.4,26.86,2917500.0
2018-09-14,25.7,27.35,27.42,26.63,26.66,2515500.0
2018-09-17,25.57,27.22,27.66,27.19,27.28,4552400.0
2018-09-18,25.77,27.43,27.76,27.15,27.17,3504700.0
2018-09-19,25.89,27.56,27.79,27.39,27.54,2575900.0
2018-09-20,25.57,27.21,27.7,27.18,27.62,3269600.0
2018-09-21,25.59,27.24,27.37,27.05,27.22,8086800.0
2018-09-24,25.51,27.15,27.26,26.67,27.12,2699800.0
2018-09-25,25.56,27.2,27.49,26.95,27.18,5533300.0
2018-09-26,26.27,27.96,28.43,27.55,27.71,9395600.0
2018-09-27,26.27,27.96,28.08,27.48,27.78,7036100.0
2018-09-28,25.99,27.66,28.04,27.52,27.91,3809900.0
2018-10-01,26.03,27.7,28.0,27.58,27.66,3498100.0
2018-10-02,25.87,27.53,27.72,27.19,27.53,2985900.0
2018-10-03,25.66,27.31,27.73,27.17,27.6,2741300.0
2018-10-04,25.45,27.09,27.5,26.91,27.17,2499400.0
2018-10-05,25.33,26.96,27.31,26.74,27.14,3343700.0
2018-10-08,25.26,26.89,27.11,26.75,26.8,3164200.0
2018-10-09,25.26,26.89,27.33,26.75,26.75,3259300.0
2018-10-10,24.72,26.31,27.15,26.26,26.83,3108700.0
2018-10-11,24.19,25.75,26.43,25.66,26.13,4109200.0
2018-10-12,24.57,26.15,26.28,25.73,26.11,4223400.0
2018-10-15,24.67,26.26,26.66,26.03,26.1,3375800.0
2018-10-16,25.5,27.14,27.19,26.16,26.23,2186700.0
2018-10-17,25.41,27.05,27.28,26.97,27.03,2763400.0
2018-10-18,25.33,26.96,27.17,26.77,27.05,2286100.0
2018-10-19,25.32,26.95,27.5,26.79,27.02,2299900.0
2018-10-22,25.34,26.97,27.15,26.75,27.03,3463800.0
2018-10-23,24.93,26.53,26.93,26.43,26.56,5304900.0
2018-10-24,24.02,25.57,26.66,25.0,26.5,8129000.0
2018-10-25,23.48,24.99,25.82,24.23,25.62,9938300.0
2018-10-26,23.11,24.6,24.96,24.02,24.85,6052300.0
2018-10-29,23.36,24.86,25.85,24.61,24.85,7410500.0
2018-10-30,23.93,25.47,26.04,24.8,24.93,7586100.0
2018-10-31,24.41,25.98,26.4,25.66,25.83,6149000.0
2018-11-01,25.14,26.76,26.85,26.06,26.21,4258200.0
2018-11-02,24.71,26.3,27.0,26.19,26.83,5192800.0
2018-11-05,25.14,26.76,26.81,26.21,26.35,2499700.0
2018-11-06,25.23,26.85,27.06,26.65,26.71,3863000.0
2018-11-07,24.95,26.56,27.12,26.45,27.09,4343200.0
2018-11-08,24.94,26.54,26.77,26.34,26.53,5317300.0
2018-11-09,24.86,26.46,26.68,26.24,26.48,2627000.0
2018-11-12,24.84,26.44,26.57,26.17,26.41,1824900.0
2018-11-13,24.94,26.54,26.89,26.34,26.34,2878400.0
2018-11-14,24.38,25.95,26.8,25.76,26.71,4698500.0
2018-11-15,24.23,25.79,25.99,25.54,25.91,3147500.0
2018-11-16,24.17,25.72,25.95,25.51,25.83,3180200.0
2018-11-19,24.05,25.6,25.85,25.53,25.85,3048200.0
2018-11-20,23.77,24.95,25.39,24.75,25.13,2930200.0
2018-11-21,23.99,25.18,25.31,24.68,25.11,3590900.0
2018-11-23,23.91,25.1,25.33,24.95,25.07,733500.0
2018-11-26,24.25,25.46,25.48,25.0,25.34,4042900.0
2018-11-27,24.46,25.68,25.73,25.27,25.41,2806500.0
2018-11-28,24.86,26.1,26.12,25.34,25.78,3009300.0
2018-11-29,25.86,27.15,27.86,26.55,27.1,8265100.0
2018-11-30,25.88,27.17,27.32,26.84,27.25,3138000.0
2018-12-03,26.85,28.19,28.5,27.34,27.34,6910700.0
2018-12-04,25.8,27.08,28.1,26.99,27.91,5822300.0
2018-12-05,,,,,,
2018-12-06,25.91,27.2,27.2,26.48,26.61,4114300.0
2018-12-07,25.18,26.43,27.22,26.12,27.11,2932300.0
2018-12-10,24.76,25.99,26.63,25.67,26.48,2460700.0
2018-12-11,24.81,26.05,26.55,25.94,26.12,2128700.0
2018-12-12,24.83,26.07,26.64,26.03,26.31,2435400.0
2018-12-13,24.71,25.94,26.73,25.34,26.16,5160400.0
2018-12-14,24.5,25.72,26.24,25.53,25.72,3440100.0
2018-12-17,24.1,25.3,25.9,25.14,25.73,2345800.0
2018-12-18,23.55,24.72,25.72,24.58,25.4,3269800.0
2018-12-19,23.15,24.3,25.53,24.07,24.7,4735900.0
2018-12-20,22.5,23.62,24.35,23.43,24.13,7620800.0
2018-12-21,21.9,22.99,24.09,22.85,23.62,5327800.0
2018-12-24,21.06,22.11,22.94,22.1,22.77,1750900.0
2018-12-26,22.41,23.53,23.57,22.04,22.25,3889000.0
2018-12-27,22.09,23.19,23.39,22.64,23.23,4810700.0
2018-12-28,22.16,23.26,23.59,23.07,23.32,3201500.0
2018-12-31,22.22,23.33,23.57,23.05,23.32,2609300.0
2019-01-02,22.41,23.53,23.87,22.83,22.87,3462100.0
2019-01-03,22.25,23.36,23.7,23.11,23.5,3247800.0
2019-01-04,23.29,24.45,24.48,23.67,23.71,3385700.0
2019-01-07,23.81,25.0,25.17,24.37,24.62,2609600.0
2019-01-08,24.21,25.41,25.54,25.09,25.31,2809300.0
2019-01-09,24.45,25.67,25.95,25.48,25.51,2196000.0
2019-01-10,24.4,25.61,25.77,25.45,25.55,2504900.0
2019-01-11,24.46,25.68,25.73,25.3,25.5,3968700.0
2019-01-14,24.2,25.4,25.74,25.21,25.4,3104300.0
2019-01-15,23.87,25.06,25.6,25.05,25.45,5414000.0
2019-01-16,23.97,25.16,25.52,25.02,25.02,3337300.0
2019-01-17,24.07,25.27,25.32,25.0,25.01,2721200.0
2019-01-18,24.9,26.14,26.22,25.29,25.37,3595700.0
2019-01-22,23.63,24.81,26.05,24.74,26.0,4579000.0
2019-01-23,24.28,25.49,25.54,24.82,24.91,3206700.0
2019-01-24,24.08,25.28,25.8,24.98,25.8,3595800.0
2019-01-25,24.46,25.68,26.05,25.6,25.76,3201500.0
2019-01-28,24.6,25.82,25.86,25.39,25.43,1520800.0
2019-01-29,24.27,25.48,25.93,25.44,25.76,2345700.0
2019-01-30,24.39,25.6,25.76,25.13,25.54,2178000.0
2019-01-31,24.46,25.68,25.92,25.49,25.59,2682900.0
2019-02-01,24.37,25.58,25.81,25.46,25.73,1980400.0
2019-02-04,24.47,25.69,25.81,25.62,25.62,3049100.0
2019-02-05,24.57,25.79,25.84,25.66,25.7,1836500.0
2019-02-06,24.51,25.73,25.89,25.67,25.74,2461900.0
2019-02-07,24.34,25.55,25.64,25.26,25.45,3456800.0
2019-02-08,25.05,26.3,26.65,25.58,25.75,5681700.0
2019-02-11,24.88,26.12,26.39,26.09,26.34,2723300.0
2019-02-12,24.74,25.97,26.25,25.95,26.12,4774700.0
2019-02-13,24.81,26.05,26.26,25.96,26.08,3587900.0
2019-02-14,24.84,26.08,26.28,25.82,25.96,3795200.0
2019-02-15,25.05,26.3,26.36,26.1,26.2,3256800.0
2019-02-19,24.72,25.95,26.23,25.95,26.2,3189300.0
2019-02-20,24.62,25.85,26.05,25.76,26.0,3192000.0
2019-02-21,24.64,25.87,26.0,25.78,25.9,3020900.0
2019-02-22,24.86,26.1,26.13,25.9,26.02,2820000.0
2019-02-25,24.45,25.67,26.33,25.63,26.27,3397400.0
2019-02-26,24.28,25.49,25.85,25.42,25.69,3065400.0
2019-02-27,24.15,25.35,25.61,25.2,25.5,4082200.0
2019-02-28,24.96,26.2,26.72,25.04,25.3,6448800.0
2019-03-01,25.7,26.98,27.43,26.2,26.29,8443800.0
2019-03-04,25.89,27.18,27.49,26.84,27.22,5646700.0
2019-03-05,25.44,26.71,27.21,26.34,27.21,3786400.0
2019-03-06,25.34,26.25,26.49,26.17,26.44,3857300.0
2019-03-07,25.22,26.13,26.32,25.89,26.16,3038300.0
2019-03-08,25.12,26.03,26.03,25.68,25.82,1764800.0
2019-03-11,25.72,26.65,26.74,26.0,26.08,2210900.0
2019-03-12,25.98,26.92,27.0,26.61,26.79,2810200.0
2019-03-13,26.13,27.07,27.25,26.87,26.98,3292600.0
2019-03-14,26.37,27.32,27.35,27.02,27.08,3382800.0
2019-03-15,26.01,26.95,27.35,26.8,27.29,4996800.0
2019-03-18,26.31,27.26,27.31,26.95,27.02,1843500.0
2019-03-19,26.15,27.09,27.57,27.04,27.34,2622900.0
2019-03-20,25.97,26.91,27.23,26.75,27.16,2164800.0
2019-03-21,26.47,27.42,27.5,26.55,26.71,1900800.0
2019-03-22,25.93,26.86,27.36,26.72,27.3,2032500.0
2019-03-25,25.61,26.53,26.88,26.44,26.81,2403400.0
2019-03-26,26.12,27.06,27.07,26.83,26.9,1542900.0
2019-03-27,25.7,26.63,27.33,26.45,27.15,6701400.0
2019-03-28,22.84,23.66,24.6,23.6,24.49,18940900.0
2019-03-29,22.85,23.67,24.09,23.5,23.88,10097900.0
2019-04-01,23.44,24.28,24.44,23.72,23.83,5095200.0
2019-04-02,23.41,24.25,24.65,24.25,24.29,3298600.0
2019-04-03,25.1,26.0,26.12,24.25,24.32,10541200.0
2019-04-04,25.34,26.25,26.66,25.98,26.0,6402800.0
2019-04-05,25.3,26.21,26.55,26.17,26.45,4071100.0
2019-04-08,25.12,26.02,26.14,25.52,26.1,4416300.0
2019-04-09,25.35,26.26,26.84,25.72,25.86,7697100.0
2019-04-10,25.62,26.54,26.63,25.98,26.25,2270100.0
2019-04-11,25.94,26.87,27.28,26.38,26.7,3843100.0
2019-04-12,25.71,26.64,27.1,26.64,26.97,3303800.0
2019-04-15,25.58,26.5,27.03,26.48,26.73,4635400.0
2019-04-16,25.23,26.14,26.85,26.06,26.54,3167300.0
2019-04-17,25.35,26.26,26.38,25.94,26.14,3029600.0
2019-04-18,25.32,26.23,26.5,25.89,26.24,2915200.0
2019-04-22,25.13,26.04,26.29,26.0,26.16,2450800.0
2019-04-23,24.68,25.57,26.11,25.52,25.99,3854800.0
2019-04-24,24.71,25.6,25.73,25.27,25.62,2070500.0
2019-04-25,24.46,25.34,25.49,25.1,25.4,2961400.0
2019-04-26,24.51,25.39,25.59,25.14,25.42,3560300.0
2019-04-29,24.47,25.35,25.81,25.05,25.56,2405400.0
2019-04-30,24.64,25.53,25.99,25.05,25.49,4750400.0
2019-05-01,24.0,24.86,25.67,24.84,25.59,3771400.0
2019-05-02,23.6,24.45,24.93,24.34,24.82,3321800.0
2019-05-03,23.89,24.75,24.76,24.37,24.45,2737700.0
2019-05-06,23.67,24.52,24.73,24.35,24.44,2377200.0
2019-05-07,23.32,24.16,24.41,23.97,24.33,3630000.0
2019-05-08,23.28,24.12,24.5,24.09,24.2,2401900.0
2019-05-09,23.43,24.27,24.31,23.72,23.82,2676200.0
2019-05-10,23.73,24.59,24.72,23.82,24.16,4635100.0
2019-05-13,22.92,23.75,24.06,23.1,23.95,6059100.0
2019-05-14,23.2,24.04,24.26,23.71,23.83,2949200.0
2019-05-15,23.0,23.83,24.09,23.8,23.89,3439700.0
2019-05-16,22.86,23.68,23.98,23.65,23.93,2886400.0
2019-05-17,22.78,23.6,23.79,23.42,23.52,3219700.0
2019-05-20,22.87,23.69,24.27,23.36,23.43,5841000.0
2019-05-21,23.32,24.16,24.18,23.7,23.74,3643300.0
2019-05-22,23.15,23.98,24.32,23.97,24.01,2031900.0
2019-05-23,22.6,23.41,23.8,23.36,23.8,2793500.0
2019-05-24,22.2,23.0,23.49,22.97,23.46,3226900.0
2019-05-28,21.84,22.63,23.12,22.63,23.03,5165700.0
2019-05-29,21.8,22.59,22.76,22.5,22.58,3573300.0
2019-05-30,21.58,22.36,23.14,22.32,22.64,5729300.0
2019-05-31,21.94,22.73,22.75,22.16,22.18,3759600.0
2019-06-03,22.09,22.89,23.02,22.59,22.71,3881000.0
2019-06-04,22.22,22.67,22.8,22.52,22.7,3577100.0
2019-06-05,22.13,22.58,22.82,22.42,22.82,2442300.0
2019-06-06,22.16,22.61,22.89,22.56,22.78,3585300.0
2019-06-07,22.3,22.75,22.89,22.58,22.78,2886900.0
2019-06-10,22.01,22.45,22.94,22.31,22.81,2565400.0
2019-06-11,22.09,22.54,22.68,22.45,22.52,2341200.0
2019-06-12,22.35,22.8,22.81,22.43,22.54,1124300.0
2019-06-13,22.71,23.17,23.2,22.82,22.88,2288500.0
2019-06-14,22.6,23.06,23.19,22.98,23.15,2855200.0
2019-06-17,23.0,23.46,23.58,22.97,23.1,3308900.0
2019-06-18,22.96,23.42,23.87,23.39,23.59,2233300.0
2019-06-19,23.13,23.6,23.64,23.33,23.42,2092400.0
2019-06-20,22.99,23.45,23.81,23.34,23.81,3486700.0
2019-06-21,22.95,23.41,23.72,23.28,23.48,5795500.0
2019-06-24,21.9,22.34,23.43,22.22,23.36,3860100.0
2019-06-25,21.55,21.99,22.43,21.98,22.32,2717500.0
2019-06-26,21.66,22.1,22.18,21.89,22.05,2856100.0
2019-06-27,21.89,22.33,22.42,22.1,22.19,1671300.0
2019-06-28,22.15,22.6,22.6,22.21,22.32,4183800.0
2019-07-01,21.97,22.41,23.09,22.35,22.7,3906200.0
2019-07-02,22.37,22.82,22.93,22.39,22.41,2270100.0
2019-07-03,22.47,22.92,23.01,22.73,22.81,1588000.0
2019-07-05,22.56,23.02,23.09,22.79,22.92,1912100.0
2019-07-08,22.44,22.89,22.99,22.59,22.95,1585200.0
2019-07-09,21.99,22.43,22.81,22.33,22.79,2773800.0
2019-07-10,22.03,22.47,22.49,22.24,22.43,2089200.0
2019-07-11,22.41,22.86,22.95,22.53,22.59,3115000.0
2019-07-12,22.41,22.86,22.98,22.71,22.98,1818300.0
2019-07-15,22.95,23.41,24.69,22.65,22.88,9129100.0
2019-07-16,22.93,23.39,23.69,23.18,23.69,3458900.0
2019-07-17,22.89,23.35,23.49,23.04,23.28,2593800.0
2019-07-18,23.09,23.56,23.57,23.1,23.23,2245300.0
2019-07-19,23.04,23.5,23.75,23.34,23.54,2838000.0
2019-07-22,23.04,23.5,23.73,23.36,23.58,1928400.0
2019-07-23,23.06,23.53,23.66,23.31,23.66,1639200.0
2019-07-24,23.33,23.8,23.89,23.57,23.61,1873400.0
2019-07-25,23.2,23.67,23.86,23.59,23.8,1242900.0
2019-07-26,23.08,23.55,23.71,23.42,23.7,3219700.0
2019-07-29,23.04,23.5,23.7,23.38,23.55,2560100.0
2019-07-30,22.45,22.9,23.4,22.78,23.4,3297400.0
2019-07-31,22.7,23.16,24.1,22.78,23.89,7173700.0
2019-08-01,22.53,22.98,23.53,22.86,23.0,3425800.0
2019-08-02,22.28,22.73,23.03,22.59,22.9,3099100.0
2019-08-05,21.45,21.88,22.51,21.52,22.51,3408800.0
2019-08-06,21.33,21.76,22.03,21.5,21.95,2524300.0
2019-08-07,21.29,21.72,21.84,21.15,21.5,3173300.0
2019-08-08,21.68,22.12,22.22,21.83,21.88,2385600.0
2019-08-09,21.27,21.7,22.09,21.67,22.08,1216200.0
2019-08-12,20.71,21.13,21.61,20.96,21.61,2285500.0
2019-08-13,20.85,21.27,21.45,20.91,21.03,2689000.0
2019-08-14,20.51,20.92,21.03,20.68,20.97,4987600.0
2019-08-15,19.83,20.23,20.97,20.22,20.97,2700100.0
2019-08-16,19.95,20.35,20.43,20.15,20.41,3165000.0
2019-08-19,20.31,20.72,20.83,20.47,20.54,3771400.0
2019-08-20,20.32,20.73,20.81,20.42,20.68,4069000.0
2019-08-21,20.63,20.69,20.9,20.55,20.55,2588600.0
2019-08-22,20.62,20.68,20.91,20.57,20.74,1691800.0
2019-08-23,19.96,20.02,20.62,19.96,20.59,2695800.0
2019-08-26,20.22,20.28,20.31,20.07,20.18,2024900.0
2019-08-27,20.26,20.32,20.53,20.2,20.42,2770400.0
2019-08-28,20.46,20.52,20.55,20.11,20.21,2741300.0
2019-08-29,20.84,20.9,20.9,20.69,20.69,2233400.0
2019-08-30,20.7,20.76,21.15,20.63,21.07,1984500.0
